  -2.4100495e-04
  -2.2738906e-04
  -1.8545089e-04
  -1.3046257e-04
  -7.5518707e-05
  -2.5451580e-05
   1.9532959e-05
   5.4488117e-05
   7.9344664e-05
   9.6212078e-05
   1.0070863e-04
   9.1473487e-05
   7.6404334e-05
   5.8383618e-05
   3.8137807e-05
   1.5759167e-05
  -5.2587135e-06
  -2.2713698e-05
  -3.7286132e-05
  -4.3165571e-05
  -4.5413391e-05
  -4.0489917e-05
  -3.2592341e-05
  -2.3265099e-05
  -9.6259041e-06
   5.1953133e-07
   1.4227689e-05
   2.8662217e-05
   3.5222155e-05
   3.9580138e-05
   4.1124818e-05
   3.9718163e-05
   3.8311508e-05
   3.1866518e-05
   2.5375514e-05
   1.7454856e-05
   7.3782148e-06
   2.3169050e-06
  -5.6037217e-06
  -1.4273648e-05
  -1.3570308e-05
  -1.5068914e-05
  -1.2912930e-05
  -1.0756945e-05
  -5.6956691e-06
   7.7229261e-07
   9.3962471e-06
   1.4457546e-05
   2.2355185e-05
   2.5986836e-05
   2.8846163e-05
   2.9549495e-05
   2.8119832e-05
   2.6644175e-05
   2.1605862e-05
   1.6567553e-05
   1.0802922e-05
   5.7876069e-06
   2.2249427e-06
  -6.8035602e-07
  -5.6726844e-06
  -4.9463599e-06
  -4.9463599e-06
  -3.4477318e-06
   1.1493109e-07
   3.0662285e-06
   8.0815481e-06
   1.1690203e-05
   1.6682525e-05
   1.8861519e-05
   2.0268183e-05
   2.0971515e-05
   2.0222188e-05
   1.5887209e-05
   1.2981900e-05
   1.1506260e-05
   9.3502714e-06
   5.0382964e-06
   4.9923296e-06
   7.0334041e-07
   0.0000000e+00
