  -3.0494614e-04
  -2.8994609e-04
  -2.4936926e-04
  -1.9587899e-04
  -1.4747151e-04
  -9.8153830e-05
  -5.4507475e-05
  -1.4491148e-05
   1.3974081e-05
   3.0092105e-05
   3.1026023e-05
   2.1744738e-05
   8.0821935e-06
  -7.0561100e-06
  -2.5826141e-05
  -5.0360792e-05
  -6.8542345e-05
  -8.8107309e-05
  -1.0195342e-04
  -1.1076108e-04
  -1.1734378e-04
  -1.1384994e-04
  -1.0527197e-04
  -9.3016562e-05
  -7.8674026e-05
  -6.6372645e-05
  -5.4094176e-05
  -4.1792677e-05
  -3.4506433e-05
  -3.0148460e-05
  -2.5744467e-05
  -2.7854455e-05
  -3.1417110e-05
  -3.7862099e-05
  -4.4307087e-05
  -5.2250745e-05
  -6.0920714e-05
  -6.8864332e-05
  -7.3925621e-05
  -8.1165865e-05
  -8.3367804e-05
  -8.4797467e-05
  -8.4797467e-05
  -7.8352495e-05
  -7.4720892e-05
  -6.8252936e-05
  -6.1058652e-05
  -5.5271037e-05
  -4.6624081e-05
  -4.0133105e-05
  -3.5117785e-05
  -3.3642120e-05
  -3.1509126e-05
  -3.4391453e-05
  -3.5821117e-05
  -3.8657443e-05
  -4.2992432e-05
  -4.4399097e-05
  -4.4353095e-05
  -3.2685690e-05
   0.0000000e+00
