  -1.4717235e-04
  -9.9374458e-05
  -4.4610144e-05
   1.4124103e-05
   8.0360571e-05
   1.3909753e-04
   1.6338986e-04
   1.7788383e-04
   1.7001493e-04
   1.5075358e-04
   1.1690093e-04
   6.5552838e-05
   6.3520143e-06
  -3.9798267e-05
  -8.2831969e-05
  -1.2392065e-04
  -1.4891030e-04
  -1.6274874e-04
  -1.5548406e-04
  -1.3106914e-04
  -9.6278682e-05
  -5.6519498e-05
  -1.1472277e-05
   3.3625458e-05
   6.8312241e-05
   1.0114769e-04
   1.2252714e-04
   1.3188470e-04
   1.2933845e-04
   1.0686937e-04
   7.8105586e-05
   4.0121705e-05
   7.0504571e-06
  -3.1158114e-05
  -7.1414447e-05
  -9.7846251e-05
  -1.1472548e-04
  -1.2225962e-04
  -1.2188732e-04
  -1.1134495e-04
  -8.7705601e-05
  -5.6389513e-05
  -1.4638123e-05
   2.1815303e-05
   5.2845146e-05
   7.9168747e-05
   1.0277163e-04
   1.1330247e-04
   1.1283671e-04
   9.3445357e-05
   7.2889964e-05
   4.1174896e-05
   3.5512645e-06
  -3.1831213e-05
  -6.1910530e-05
  -9.2319275e-05
  -1.1332131e-04
  -1.1559168e-04
  -1.1438033e-04
  -1.0319439e-04
  -7.5567893e-05
  -4.6232078e-05
  -1.3043926e-05
   2.3697962e-05
   5.2915080e-05
   8.1082933e-05
   9.7074628e-05
   1.0164488e-04
   9.6948068e-05
   8.0795954e-05
   5.6978944e-05
   2.8519193e-05
  -7.3616029e-06
  -4.1663092e-05
  -7.1378738e-05
  -9.3497463e-05
  -1.0720493e-04
  -1.1239555e-04
  -1.0551112e-04
  -8.5752146e-05
  -5.9089862e-05
  -2.8531014e-05
  -2.9513045e-06
   3.0670417e-05
   6.0492453e-05
   8.0561722e-05
   8.4806936e-05
   8.7201657e-05
   7.9657518e-05
   6.1440522e-05
   3.7071250e-05
   7.3228382e-06
  -2.4783999e-05
  -5.3794321e-05
  -7.4653486e-05
  -8.6383734e-05
  -9.8621010e-05
  -8.9888367e-05
  -8.3003785e-05
  -6.2518674e-05
  -4.0260500e-05
  -1.7082127e-05
   7.6382267e-06
   3.4539574e-05
   5.6233424e-05
   6.5149762e-05
   7.2208418e-05
   7.0860827e-05
   5.5139040e-05
   3.6148895e-05
   1.8408610e-05
  -7.6384907e-06
  -2.9350901e-05
  -5.1003940e-05
  -6.3608459e-05
  -7.0844521e-05
  -7.5538030e-05
  -7.1094551e-05
  -5.8934017e-05
  -4.2828630e-05
  -2.5662663e-05
  -8.4265306e-06
   1.1101759e-05
   2.6810830e-05
   3.9468067e-05
   4.5908897e-05
   5.2816701e-05
   4.3888831e-05
   3.8312038e-05
   2.5889321e-05
   7.3877885e-06
  -8.9469677e-06
  -2.3840018e-05
  -4.2325956e-05
  -5.0297320e-05
  -5.4288838e-05
  -6.2421461e-05
  -5.7803132e-05
  -5.0690480e-05
  -3.9673771e-05
  -2.4101024e-05
  -6.9776102e-06
   7.8699679e-06
   1.9606510e-05
   2.6815127e-05
   3.8924846e-05
   3.8245107e-05
   3.8820356e-05
   3.1011828e-05
   1.9444072e-05
   4.0896004e-06
  -9.8904194e-06
  -2.0800772e-05
  -3.0177581e-05
  -4.4533240e-05
  -5.5690718e-05
  -5.2712985e-05
  -5.4641103e-05
  -4.5370213e-05
  -3.6763208e-05
  -2.5041407e-05
  -1.1143733e-05
   1.2749027e-06
   1.7272130e-05
   2.5781285e-05
   3.3315776e-05
   3.7798740e-05
   3.3253227e-05
   2.6372912e-05
   1.8579012e-05
   5.6080859e-06
  -1.0337374e-05
  -2.4067371e-05
  -3.3313714e-05
  -4.0928083e-05
  -5.1362195e-05
  -5.2104866e-05
  -4.6770397e-05
  -4.3508891e-05
  -3.0575752e-05
  -1.9027054e-05
  -4.5238033e-06
   1.0743440e-05
   2.0085954e-05
   2.7130721e-05
   3.1014825e-05
   3.3351721e-05
   3.0350640e-05
   2.1331555e-05
   1.4363820e-05
   7.3257628e-07
  -1.3747469e-05
  -2.5216368e-05
  -3.6636975e-05
  -4.2088496e-05
  -4.7407556e-05
  -4.4468634e-05
  -3.9961613e-05
  -3.5169809e-05
  -2.5200958e-05
  -1.3596856e-05
   9.0293095e-07
   1.2474852e-05
   2.0360914e-05
   3.0274543e-05
   2.7625537e-05
   2.7687759e-05
   2.2420364e-05
   1.4851293e-05
   6.3896601e-06
  -6.5818834e-06
  -2.0286982e-05
  -2.5175347e-05
  -3.2906031e-05
  -3.5363968e-05
  -3.8439775e-05
  -3.9136068e-05
  -3.4496221e-05
  -2.6801451e-05
  -2.0427683e-05
  -1.1041678e-05
   5.5698229e-07
   1.0616901e-05
   1.9137779e-05
   2.3866195e-05
   2.3297828e-05
   2.1839326e-05
   1.9414641e-05
   1.1817355e-05
   4.7602007e-06
  -3.7944123e-06
  -1.6677389e-05
  -2.3676896e-05
  -2.9087631e-05
  -3.3650143e-05
  -3.2873453e-05
  -3.2749792e-05
  -2.7302412e-05
  -2.3973699e-05
  -1.6124722e-05
  -6.8284772e-06
   4.6602223e-06
   8.7256052e-06
   1.7108874e-05
   1.8029407e-05
   1.8785273e-05
   1.8702689e-05
   1.4838486e-05
   5.0354007e-06
   4.7039333e-06
  -8.0992801e-06
  -1.2805003e-05
  -2.2537106e-05
  -2.6385234e-05
  -2.6409528e-05
  -2.9978074e-05
  -2.4685876e-05
  -2.5868025e-05
  -1.6779946e-05
  -1.2008310e-05
  -2.1267378e-06
   4.8228593e-06
   7.3129513e-06
   1.4847771e-05
   1.7972974e-05
   1.5747445e-05
   1.2788306e-05
   8.9812006e-06
   5.8569506e-06
   1.2134583e-06
  -7.0029520e-06
  -1.6007223e-05
  -1.9812015e-05
  -2.3585099e-05
  -2.3593902e-05
  -2.1373291e-05
  -2.3458498e-05
  -1.8118605e-05
  -1.2003895e-05
  -8.1001266e-06
   3.2076766e-06
   2.7057319e-06
   8.0874790e-06
   1.3404498e-05
   1.1330975e-05
   9.9401510e-06
   8.4497471e-06
   6.2102860e-06
   2.3614466e-06
  -2.9109670e-06
  -9.6879667e-06
  -1.0606841e-05
  -1.6624229e-05
  -1.9662394e-05
  -1.6764697e-05
  -1.7497059e-05
  -1.3744012e-05
  -1.3572562e-05
  -1.1150163e-05
  -5.0124727e-06
  -3.2122080e-07
   1.3938257e-06
   6.0736211e-06
   7.7312978e-06
   9.3087516e-06
   1.0137109e-05
   4.9713552e-06
   4.1335878e-06
  -1.1330213e-06
  -4.9940058e-06
  -7.3721830e-06
  -1.1177887e-05
  -1.2109896e-05
  -1.5131926e-05
  -1.5867882e-05
  -1.7300095e-05
  -1.4234325e-05
  -1.1867606e-05
  -9.4472087e-06
  -7.6507974e-06
  -5.2124693e-08
   2.3818799e-06
   8.5200656e-06
   1.1616404e-05
   8.7576311e-06
   8.0497028e-06
   7.2643546e-06
   7.1332074e-06
  -3.3330128e-07
  -2.7195955e-06
  -5.1027923e-06
  -8.1923675e-06
  -9.0250183e-06
  -1.5645195e-05
  -1.2677584e-05
  -1.1838888e-05
  -1.0198257e-05
  -1.1469284e-05
  -3.1297083e-06
   7.5017565e-07
   6.1267116e-06
   7.8257287e-06
   6.4887747e-06
   9.5159070e-06
   9.5777892e-06
   8.8080977e-06
   6.5079032e-06
   7.8758685e-06
   5.5451106e-06
  -1.8989668e-06
  -5.6763856e-06
  -9.4043588e-06
  -1.2405124e-05
  -1.3111401e-05
  -1.0818480e-05
  -1.2189962e-05
  -9.7845476e-06
  -5.9624603e-06
  -2.7812928e-06
  -1.1041344e-06
   2.7675041e-06
   4.3900129e-06
   7.5260771e-06
   1.2027818e-05
   1.2188469e-05
   1.0752202e-05
   6.4414524e-06
   4.9452620e-06
   5.5556650e-07
  -2.4508790e-06
  -4.6577788e-06
  -4.6194867e-06
  -9.0226500e-06
  -1.1224218e-05
  -1.0471634e-05
  -1.0449846e-05
  -8.9378846e-06
  -7.3845046e-06
  -5.8524510e-06
  -2.0902721e-06
  -5.4890912e-07
   2.5471232e-06
   3.3830674e-06
   4.2752261e-06
   3.7521932e-06
   2.4281792e-06
   3.7479715e-07
   4.7858856e-06
   4.1089493e-06
  -6.1478835e-06
  -5.3376367e-06
  -6.0577614e-06
  -1.0464944e-05
  -8.3516350e-06
  -1.0549221e-05
  -3.1747036e-06
  -6.0473283e-06
  -4.5872057e-06
  -4.4567845e-06
   2.2454517e-06
   3.8280840e-06
   4.0006942e-06
   4.2069537e-06
   5.8654718e-06
   7.4937789e-06
   6.2642912e-06
   4.2205155e-06
   2.1240306e-06
  -6.6688424e-07
  -3.5479950e-06
  -2.7939810e-06
  -6.4488522e-06
  -4.2377330e-06
  -1.0158732e-05
  -2.8529607e-06
  -7.3152158e-06
  -3.6776461e-06
  -2.9451218e-06
  -6.6049299e-06
  -7.1699258e-07
  -6.2763821e-07
   3.8429922e-06
   3.9761440e-06
   2.6818732e-06
   5.1133594e-06
   4.6339012e-06
   1.9064188e-06
   1.3103579e-06
  -7.9096308e-07
  -2.9223488e-06
  -4.3616015e-06
  -7.1881916e-06
  -7.1356028e-06
  -8.6056007e-06
  -8.6352670e-06
  -5.6503361e-06
  -4.9100098e-06
  -7.1308979e-06
  -5.6714217e-06
  -4.1921206e-06
   9.3819630e-07
   2.4225654e-06
   3.2466160e-06
   1.8705795e-06
   1.2733857e-06
   1.4090469e-06
  -4.2935511e-06
  -4.7832738e-06
  -2.3451427e-06
  -8.0077576e-06
  -5.7154303e-06
  -1.2185437e-05
  -1.0581565e-05
  -1.0443549e-05
  -1.1145906e-05
  -9.7308420e-06
  -7.5237696e-06
  -6.0461136e-06
  -2.4002098e-06
  -3.1815551e-06
  -3.2597701e-06
  -1.8346341e-06
  -4.7100486e-06
   5.4454983e-07
   7.0360619e-07
  -1.3477038e-06
   3.2748428e-07
  -3.1172698e-06
  -3.5654232e-06
  -6.2700548e-06
  -6.0958781e-06
  -2.2734201e-06
  -7.2859032e-06
  -4.2204557e-06
  -5.6624703e-06
  -2.7386784e-06
   1.0572633e-07
   2.1800677e-06
   5.0154182e-06
   6.3183479e-06
   5.5281301e-06
   6.9056413e-06
   8.3579685e-06
   6.9425695e-06
  -2.3694726e-07
  -3.1189087e-08
  -5.0897992e-07
  -6.9031614e-06
  -6.6963463e-06
  -7.1753422e-06
  -4.0652168e-06
  -6.8530850e-06
  -5.2658253e-06
  -1.5448192e-06
  -8.2890557e-07
  -8.8694984e-07
   5.6184736e-06
   3.3449734e-06
   2.5294843e-06
   4.5828271e-06
   4.5106334e-06
   7.8507249e-07
  -2.1402641e-06
  -6.3188320e-07
  -3.5107142e-06
  -4.0808742e-06
  -4.7058555e-06
  -6.0236802e-06
  -8.8086862e-06
  -4.9958909e-06
  -4.1742667e-06
  -5.5290791e-06
  -1.8667493e-06
  -3.2953543e-06
  -2.6427713e-06
  -5.0234993e-07
  -2.0551344e-06
  -1.3829072e-06
  -1.5000500e-06
  -3.0635953e-06
  -1.6956517e-06
  -6.2144989e-06
  -4.0790845e-06
  -1.1517719e-06
  -3.3440277e-06
  -4.1223493e-07
  -2.5742822e-06
  -2.9959026e-07
  -1.7153795e-06
  -4.5508231e-06
  -2.9838134e-06
  -2.1915450e-06
  -3.6333308e-06
  -5.0513929e-06
  -5.7475229e-06
  -4.2657557e-06
  -3.5721765e-06
  -6.5854445e-06
  -7.4040630e-06
  -7.5769576e-06
  -1.8500592e-06
  -4.2106607e-06
  -7.9322920e-06
  -2.1493776e-06
  -1.3959296e-09
  -4.4139231e-06
  -2.9759580e-06
  -5.8679597e-06
  -2.8707752e-06
  -6.3854226e-06
  -5.5207671e-06
  -6.0910079e-06
  -6.6764607e-06
  -1.0937936e-05
  -6.4359653e-06
  -4.1345495e-06
  -5.6197154e-06
  -2.0400014e-06
   5.4747870e-08
  -1.5851868e-06
  -1.0024740e-06
  -2.0096027e-06
  -1.4929824e-06
  -3.8934028e-06
  -1.8418476e-06
  -6.2538345e-06
  -2.6177012e-06
  -6.9767652e-06
  -2.4295075e-06
  -2.2955832e-06
  -5.7471475e-06
  -1.8867978e-06
  -1.6344114e-06
  -2.9511523e-06
  -1.3137181e-06
  -2.7045672e-06
   2.8292163e-07
  -4.8486135e-07
  -3.4776559e-06
  -7.2917970e-07
  -2.3938276e-06
  -2.6401646e-06
  -3.6276361e-06
  -9.7245073e-06
  -1.1432948e-05
  -1.5224799e-05
  -1.4545385e-05
  -1.7466568e-05
  -1.4545182e-05
  -1.4516078e-05
  -1.8066045e-05
  -1.8662757e-05
  -1.2634256e-05
  -1.1036455e-05
  -8.7851638e-06
  -9.3781039e-06
  -5.6512499e-06
  -7.0294939e-06
  -4.1254848e-06
  -7.1129197e-06
  -1.1572629e-05
