   3.3444372e-06
   2.3236501e-05
   3.8756747e-05
   5.2031390e-05
   6.4517716e-05
   6.2351692e-05
   5.3528458e-05
   4.7659572e-05
   3.5882008e-05
   1.7487039e-05
   2.7153266e-06
  -2.0879594e-05
  -3.5611481e-05
  -4.8177395e-05
  -5.9994765e-05
  -6.2200566e-05
  -6.2909278e-05
  -5.5583164e-05
  -5.0423020e-05
  -3.7896929e-05
  -2.5370835e-05
  -9.9302024e-06
   6.2987795e-06
   2.1779228e-05
   2.9893720e-05
   3.5802405e-05
   4.0922764e-05
   4.0962555e-05
   3.2848062e-05
   2.6230640e-05
   1.3744344e-05
   3.4240507e-06
  -1.1307846e-05
  -2.3085395e-05
  -3.1948423e-05
  -3.9314367e-05
  -4.9634652e-05
  -4.7428852e-05
  -4.6680309e-05
  -3.9354191e-05
  -3.0530981e-05
  -2.0959228e-05
  -1.1387471e-05
   3.9009485e-07
   7.7560511e-06
   1.7367613e-05
   2.1030693e-05
   2.9105395e-05
   2.6190844e-05
   2.1030693e-05
   1.6619078e-05
   1.0750194e-05
   3.3842409e-06
  -8.3933192e-06
  -1.4262189e-05
  -2.3125216e-05
  -2.7536820e-05
  -3.2696964e-05
  -3.9274536e-05
  -3.4902765e-05
  -3.0451339e-05
  -3.0451339e-05
  -1.8713611e-05
  -1.3553465e-05
  -3.9817111e-06
   3.3444372e-06
   8.5045863e-06
   1.2167666e-05
   1.8824885e-05
   1.7327817e-05
   1.5161807e-05
   1.4373475e-05
   7.0473155e-06
   3.9009485e-07
  -6.9360536e-06
  -1.0638934e-05
  -1.8713611e-05
  -2.4582478e-05
  -2.6079559e-05
  -3.1199881e-05
  -2.7536820e-05
  -2.7536820e-05
  -2.3873756e-05
  -1.6507808e-05
  -1.4302004e-05
  -9.1020437e-06
  -1.0671753e-06
   4.8415095e-06
   7.7560511e-06
   1.0001658e-05
   1.2956000e-05
   1.2167666e-05
   4.8415095e-06
   2.6357038e-06
   1.1386308e-06
  -5.4787864e-06
  -1.1347662e-05
  -1.3553465e-05
  -2.1628135e-05
  -2.3873756e-05
  -2.5331019e-05
  -2.2376676e-05
  -2.2376676e-05
  -2.0170874e-05
  -1.7965071e-05
  -1.2096200e-05
  -6.9360536e-06
  -1.8157116e-06
  -1.0273686e-06
   1.1784359e-06
   7.0075163e-06
   3.3842409e-06
   6.3385833e-06
   4.0929731e-06
   3.3444372e-06
  -2.5244440e-06
  -6.1875153e-06
  -1.0638934e-05
  -1.2884545e-05
  -1.8713611e-05
  -1.8004885e-05
  -2.0210689e-05
  -2.0170874e-05
  -2.0210689e-05
  -1.5759268e-05
  -1.3553465e-05
  -1.2844738e-05
  -4.0215177e-06
  -5.4787864e-06
  -2.5244440e-06
  -3.1863862e-07
   4.0929731e-06
   4.0929731e-06
   4.0929731e-06
   1.9269738e-06
   4.2989846e-07
  -3.9817111e-06
  -2.5244440e-06
  -6.2273234e-06
  -9.8903960e-06
  -1.4302004e-05
  -1.4302004e-05
  -1.7256347e-05
  -1.7216531e-05
  -1.4302004e-05
  -1.2844738e-05
  -1.4302004e-05
  -1.2056386e-05
  -1.0599123e-05
  -6.9360536e-06
  -1.0671753e-06
   4.2989846e-07
   5.5900462e-06
   1.8871671e-06
   3.3444372e-06
  -2.5244440e-06
   1.1784359e-06
  -3.1863862e-07
  -3.9817111e-06
  -1.1347662e-05
  -8.4331288e-06
  -9.8903960e-06
  -1.2096200e-05
  -1.3553465e-05
  -1.4302004e-05
  -1.0638934e-05
  -1.7965071e-05
  -1.1347662e-05
  -1.1387471e-05
  -1.2804926e-05
  -9.1418578e-06
  -5.4787864e-06
  -1.8157116e-06
   3.9009485e-07
  -1.0671753e-06
  -3.1863862e-07
   4.2989846e-07
   4.2989846e-07
  -4.0215177e-06
  -5.4787864e-06
  -1.0599123e-05
  -9.8903960e-06
  -1.2804926e-05
  -1.0638934e-05
  -1.2804926e-05
  -1.3553465e-05
  -1.1347662e-05
  -1.4302004e-05
  -1.1387471e-05
  -1.0638934e-05
  -1.1307846e-05
  -6.1875153e-06
  -7.6845914e-06
  -2.5244440e-06
  -3.9817111e-06
  -5.4787864e-06
  -3.9817111e-06
  -2.4846342e-06
  -3.9817111e-06
  -5.4389767e-06
  -9.8505834e-06
  -9.8903960e-06
  -9.1418578e-06
  -8.3933192e-06
  -1.1307846e-05
  -1.3553465e-05
  -1.2844738e-05
  -1.2056386e-05
  -1.2804926e-05
  -1.1307846e-05
  -1.1347662e-05
  -8.3933192e-06
  -5.4787864e-06
  -7.6447803e-06
  -3.9817111e-06
  -3.9817111e-06
  -1.0273686e-06
  -3.2331729e-06
  -3.9418983e-06
  -9.1020437e-06
  -3.9817111e-06
  -9.8107647e-06
  -7.6447803e-06
  -6.8962409e-06
  -1.1307846e-05
  -1.2804926e-05
  -9.8505834e-06
  -1.2804926e-05
  -1.3553465e-05
  -1.5010729e-05
  -1.2804926e-05
  -9.8505834e-06
  -6.8962409e-06
  -3.2729810e-06
  -6.8962409e-06
  -6.8962409e-06
  -6.8962409e-06
  -5.4389767e-06
  -6.8962409e-06
  -3.9817111e-06
  -8.3933192e-06
  -7.6447803e-06
  -6.8962409e-06
  -1.1307846e-05
  -7.6447803e-06
  -5.4389767e-06
  -1.3513648e-05
  -1.1307846e-05
  -9.7709397e-06
  -6.8564220e-06
  -7.5651395e-06
  -5.3195108e-06
  -3.0738786e-06
  -4.5709671e-06
  -3.0738786e-06
  -5.3195108e-06
  -9.0791163e-07
  -1.5936869e-07
  -7.8839906e-07
  -7.8839906e-07
   0.0000000e+00
