  -8.6265535e-05
  -1.5880890e-04
  -1.9103563e-04
  -1.9471959e-04
  -2.0371190e-04
  -2.0417100e-04
  -1.8195746e-04
  -1.1775639e-04
  -2.5218577e-05
   3.5129367e-05
   7.5877937e-05
   1.1025503e-04
   1.4642098e-04
   1.8937457e-04
   1.9264409e-04
   1.5417981e-04
   1.0046698e-04
   5.1177244e-05
   1.6427634e-05
  -1.5705735e-05
  -6.5864516e-05
  -1.1951833e-04
  -1.4584155e-04
  -1.4492322e-04
  -1.2069935e-04
  -9.8412367e-05
  -8.3076543e-05
  -5.7519509e-05
  -8.6429863e-06
   4.4182004e-05
   8.1150797e-05
   9.2095578e-05
   9.4654807e-05
   1.0501935e-04
   1.0758276e-04
   9.9151696e-05
   6.2037671e-05
   2.2406235e-05
  -5.5587982e-06
  -1.3628503e-05
  -3.3435816e-05
  -5.8280486e-05
  -7.9262389e-05
  -8.2775360e-05
  -7.0265229e-05
  -5.5126993e-05
  -4.0463247e-05
  -3.1474681e-05
  -1.4091436e-05
   1.4526025e-05
   3.8745139e-05
   5.3167215e-05
   5.9720127e-05
   6.0088904e-05
   6.4594196e-05
   7.1697827e-05
   5.9339918e-05
   4.1345307e-05
   1.9531081e-05
   3.6688715e-06
  -8.3682067e-06
  -2.4628523e-05
  -3.6360861e-05
  -4.7808220e-05
  -5.1544471e-05
  -4.7488444e-05
  -3.8711457e-05
  -3.1267618e-05
  -1.7873642e-05
  -4.3980774e-06
   1.6409322e-05
   3.2807071e-05
   4.7354693e-05
   5.2010499e-05
   6.1464435e-05
   5.7529878e-05
   6.1469172e-05
   5.1186435e-05
   3.7048733e-05
   1.4009035e-05
  -2.9219176e-06
  -1.1620051e-05
  -2.3819679e-05
  -3.8696866e-05
  -4.9010915e-05
  -4.8770050e-05
  -4.3766731e-05
  -3.1313548e-05
  -1.3704347e-05
  -2.7145914e-06
   1.1231938e-05
   2.9428333e-05
   4.8248718e-05
   5.9424480e-05
   6.0000155e-05
   6.1171716e-05
   5.0404273e-05
   3.7397638e-05
   2.2702225e-05
  -3.6927519e-06
  -1.8341000e-05
  -3.7169502e-05
  -4.7013252e-05
  -4.9332546e-05
  -5.5915034e-05
  -5.2023268e-05
  -4.0650031e-05
  -2.8300094e-05
  -4.9616111e-06
   1.0297662e-05
   2.9888675e-05
   4.2033550e-05
   4.8151184e-05
   5.1908337e-05
   5.2553630e-05
   4.2687612e-05
   2.9082233e-05
   1.6074536e-05
  -5.0079822e-06
  -1.8052266e-05
  -3.3217315e-05
  -4.6846355e-05
  -4.4130020e-05
  -4.4918693e-05
  -4.1893601e-05
  -3.2172737e-05
  -2.2259230e-05
  -7.1072479e-06
   8.0880232e-06
   2.3948349e-05
   2.7365153e-05
   3.2114137e-05
   3.8088253e-05
   3.4493067e-05
   2.5580881e-05
   1.6512068e-05
   7.3276245e-06
  -4.8520327e-06
  -1.5616888e-05
  -2.5595303e-05
  -3.1834659e-05
  -2.9993341e-05
  -3.6792829e-05
  -3.3980283e-05
  -2.5105495e-05
  -2.0486935e-05
  -1.0674107e-05
  -4.4434141e-06
   2.4935606e-06
   1.0931174e-05
   1.4251673e-05
   1.7377198e-05
   1.8963440e-05
   1.3113977e-05
   1.0056482e-05
   2.5124924e-06
  -2.2355745e-06
  -8.5174536e-06
  -1.2636201e-05
  -1.7382347e-05
  -1.9891312e-05
  -1.9448545e-05
  -2.6216927e-05
  -2.1125521e-05
  -2.2576090e-05
  -1.7210130e-05
  -1.1093500e-05
  -1.0022452e-05
  -6.0729810e-06
  -1.3395475e-06
  -1.0891328e-06
   2.8186307e-06
   5.8667782e-06
   8.0028894e-06
   1.0065954e-05
   6.8841017e-06
   5.8759265e-06
   3.3301617e-06
  -2.1688120e-06
  -7.6659525e-06
  -1.3830472e-05
  -1.9879807e-05
  -2.2928660e-05
  -2.4402580e-05
  -2.7247789e-05
  -2.4860009e-05
  -2.2392816e-05
  -1.9847495e-05
  -1.1507062e-05
  -4.6306256e-06
   2.9222022e-06
   5.3104660e-06
   1.3450475e-05
   1.4142321e-05
   1.6221829e-05
   1.1599444e-05
   6.9831791e-06
   3.7452468e-06
  -3.9455435e-06
  -9.3052019e-06
  -2.1282147e-05
  -2.4359332e-05
  -2.7352967e-05
  -2.7318301e-05
  -3.0117724e-05
  -2.4842746e-05
  -2.1655515e-05
  -9.6455195e-06
  -2.0083073e-06
   7.7600299e-06
   1.0165839e-05
   1.4661360e-05
   1.7663904e-05
   1.6918871e-05
   1.3858074e-05
   7.0932030e-06
   1.0002374e-06
  -8.0491113e-06
  -1.1190468e-05
  -1.9494941e-05
  -2.2558206e-05
  -2.7071103e-05
  -2.4856628e-05
  -2.5555487e-05
  -1.9549040e-05
  -1.6419257e-05
  -8.1017716e-06
  -3.4866835e-06
   3.3396189e-06
   8.7069554e-06
   1.1029596e-05
   1.4770169e-05
   1.5517412e-05
   1.0355359e-05
   6.5455986e-06
  -2.3389881e-06
  -6.2191933e-06
  -1.0764623e-05
  -1.4595666e-05
  -1.9139543e-05
  -1.9969588e-05
  -2.0686658e-05
  -1.7750353e-05
  -1.6254288e-05
  -1.4685587e-05
  -7.2073593e-06
  -1.9034599e-06
   2.6558306e-06
   2.0961039e-06
   5.1705328e-06
   7.4687280e-06
   3.1548873e-06
   2.3883726e-06
  -5.3551373e-07
   1.3357359e-07
  -5.8652509e-06
  -1.0386449e-05
  -1.3472044e-05
  -1.2136781e-05
  -1.3754946e-05
  -1.1633040e-05
  -1.3893136e-05
  -1.5363150e-05
  -1.0958233e-05
  -1.2340070e-05
  -8.5423970e-06
  -9.8300659e-06
  -4.5415644e-06
  -5.9070510e-06
  -2.8170463e-06
  -5.6400276e-06
  -1.1812473e-06
  -4.0969048e-06
  -1.9744340e-06
  -5.7142176e-06
  -5.8240339e-06
  -3.0183915e-06
  -9.7057387e-06
  -1.4970542e-05
  -1.4367014e-05
  -1.2932009e-05
  -1.5870960e-05
  -1.5816709e-05
  -1.5844734e-05
  -2.0135009e-05
  -1.8594435e-05
  -1.4806717e-05
  -1.4717167e-05
  -1.4587155e-05
  -7.8772950e-06
  -9.2842568e-06
  -7.0577517e-06
  -5.6229081e-06
  -4.1505274e-06
  -7.0952771e-06
  -1.0120864e-05
  -1.3189052e-05
  -1.4010772e-05
  -1.4084146e-05
  -1.7147072e-05
  -1.5714976e-05
  -2.1571484e-05
  -1.7141065e-05
  -2.0746053e-05
  -1.7729341e-05
  -1.5423586e-05
  -1.2377615e-05
  -1.1542046e-05
  -5.5542311e-06
  -9.8900560e-06
  -6.8940911e-06
  -4.7317662e-06
  -5.4421320e-06
  -6.1921160e-06
  -9.9214147e-06
  -7.7780122e-06
  -1.0045850e-05
  -1.4510926e-05
  -1.6772892e-05
  -1.6745878e-05
  -1.7510486e-05
  -1.9697572e-05
  -2.0431334e-05
  -1.9592809e-05
  -1.5130285e-05
  -1.2129119e-05
  -1.1297993e-05
  -9.0112883e-06
  -3.8010911e-06
  -4.4628148e-06
  -7.4099290e-06
  -2.9841219e-06
  -4.4271637e-06
  -7.3977671e-06
  -1.1822335e-05
  -1.1877489e-05
  -1.0432307e-05
  -1.4148125e-05
  -1.5655002e-05
  -1.4176683e-05
  -1.4908793e-05
  -1.5644610e-05
  -1.1927293e-05
  -9.7059376e-06
  -1.1114519e-05
  -4.4422753e-06
  -3.6441987e-06
  -5.7606919e-06
  -1.0822653e-05
  -6.3894682e-06
  -7.8655771e-06
  -9.2608110e-06
  -1.3689046e-05
  -1.2245266e-05
  -1.0805100e-05
  -1.3032325e-05
  -1.4549426e-05
  -1.2403513e-05
  -1.3881613e-05
  -1.4648864e-05
  -1.5302171e-05
  -1.5275321e-05
  -1.4543388e-05
  -1.3726058e-05
  -1.5146106e-05
  -1.2151685e-05
  -1.0611688e-05
  -1.3391411e-05
  -8.8717667e-06
  -9.4917649e-06
  -1.3047605e-05
  -1.2971643e-05
  -9.9024926e-06
  -1.2787950e-05
  -1.1934303e-05
  -9.0042617e-06
  -1.1172045e-05
  -9.6915254e-06
  -9.6488762e-06
  -1.7740019e-05
  -1.4771417e-05
  -1.3345474e-05
  -1.3322263e-05
  -1.4064156e-05
  -1.5510924e-05
  -1.5517618e-05
  -1.5451388e-05
  -1.2377331e-05
  -8.5575722e-06
  -9.8290295e-06
  -9.6740880e-06
  -1.0288478e-05
  -8.6693584e-06
  -7.1625419e-06
  -8.4859389e-06
  -6.8893584e-06
  -1.1235218e-05
  -1.1227946e-05
  -1.2686819e-05
  -1.1297533e-05
  -1.2758285e-05
  -9.1591478e-06
  -1.2873826e-05
  -1.2935843e-05
  -1.2247310e-05
  -9.2518742e-06
  -9.1178507e-06
  -8.2835861e-06
  -5.1994517e-06
  -4.2308428e-06
  -4.6732113e-06
