   8.4059447e-05
   5.8338311e-05
   3.8446269e-05
   1.4891179e-05
  -1.0909526e-05
  -3.7458771e-05
  -5.6602227e-05
  -7.2122491e-05
  -7.5116682e-05
  -7.6573930e-05
  -6.6333330e-05
  -5.1601446e-05
  -4.0532618e-05
  -1.9223131e-05
   1.4174592e-06
   1.9143513e-05
   3.8287039e-05
   5.1521893e-05
   6.0384920e-05
   6.5584860e-05
   6.1961576e-05
   5.3926704e-05
   4.4275327e-05
   2.9583242e-05
   1.4102809e-05
  -4.3319632e-06
  -1.9063846e-05
  -3.2338471e-05
  -3.9035533e-05
  -4.6441303e-05
  -4.7858729e-05
  -4.4195675e-05
  -4.0532618e-05
  -2.9503610e-05
  -1.7726055e-05
  -5.1601460e-06
   5.9086850e-06
   1.9892050e-05
   3.0212347e-05
   4.1201589e-05
   4.1989916e-05
   4.7150066e-05
   3.8326838e-05
   3.3955033e-05
   2.5092005e-05
   1.4811529e-05
   2.9941583e-06
  -8.0746715e-06
  -1.7646418e-05
  -2.7218162e-05
  -3.1629761e-05
  -3.4584104e-05
  -3.2338471e-05
  -2.9423962e-05
  -2.4303645e-05
  -1.5400791e-05
  -2.2456146e-06
   2.9543425e-06
   1.3274636e-05
   1.8434782e-05
   2.7966740e-05
   3.3875424e-05
   2.9463810e-05
   3.3087096e-05
   2.6509468e-05
   1.7686245e-05
   1.1817370e-05
   5.1601464e-06
  -4.3717880e-06
  -1.3234816e-05
  -1.7606591e-05
  -2.0560933e-05
  -2.2058019e-05
  -2.3475443e-05
  -2.0560933e-05
  -1.6897876e-05
  -8.0746715e-06
  -2.9145269e-06
   3.7426989e-06
   1.0320293e-05
   1.4771712e-05
   2.3594930e-05
   2.2806590e-05
   2.8715275e-05
   2.3594930e-05
   2.1349319e-05
   1.6228978e-05
   9.6115665e-06
   5.9485009e-06
   2.2058039e-06
  -4.4116067e-06
  -1.1737733e-05
  -1.3234816e-05
  -1.4652248e-05
  -1.3194991e-05
  -1.0240649e-05
  -7.3261306e-06
  -4.3717880e-06
   1.4970784e-06
   8.1543032e-06
   6.6970415e-06
   1.1148466e-05
   1.6977516e-05
   1.6977516e-05
   2.0640587e-05
   1.4062988e-05
   1.6977516e-05
   1.1068831e-05
   1.0360106e-05
   3.7426989e-06
   3.9815719e-08
  -2.9145269e-06
  -4.3717880e-06
  -8.7833903e-06
  -1.0200818e-05
  -1.0240649e-05
  -8.7435625e-06
  -5.8290477e-06
  -2.9145269e-06
   7.9637610e-08
   4.4912398e-06
   7.4057634e-06
   9.6513840e-06
   8.9028434e-06
   1.5480440e-05
   1.2565909e-05
   1.5480440e-05
   1.1857186e-05
   1.1068831e-05
   7.4057634e-06
   6.6572240e-06
   3.9815719e-08
  -2.9145269e-06
  -2.1659863e-06
   0.0000000e+00
  -3.6630670e-06
  -5.8290477e-06
  -2.9145269e-06
  -4.3717880e-06
  -1.4174454e-06
   1.4970784e-06
   1.5368972e-06
   7.4057634e-06
   5.2397812e-06
   7.4057634e-06
   8.1144888e-06
   7.4057634e-06
   1.0360106e-05
   5.9086850e-06
   1.1029023e-05
   5.1601464e-06
   5.1601464e-06
   5.1203382e-06
   7.8835626e-07
  -1.4572642e-06
   0.0000000e+00
  -2.9543425e-06
  -1.4572642e-06
  -2.2058035e-06
   1.4970784e-06
   0.0000000e+00
   7.4853898e-07
   5.9086850e-06
   2.9941583e-06
   7.3659506e-06
   8.8630275e-06
   6.6572240e-06
   5.9086850e-06
   5.9086850e-06
   5.9086850e-06
   9.6115665e-06
   7.3659506e-06
   4.4514209e-06
   1.4970784e-06
  -1.4572642e-06
   7.4853898e-07
   7.4853898e-07
   0.0000000e+00
  -1.4174454e-06
  -3.9809546e-08
   7.4853898e-07
   3.9815719e-08
   2.9543425e-06
   2.9941583e-06
   3.7426989e-06
   2.9941583e-06
   4.4514209e-06
   5.9086850e-06
   5.9086850e-06
   7.3659506e-06
   2.9543425e-06
   4.4514209e-06
   5.1601464e-06
   1.4970784e-06
   7.4853898e-07
   2.2456181e-06
  -1.4174454e-06
   1.4970784e-06
   7.4853898e-07
   0.0000000e+00
   0.0000000e+00
