   4.6157904e-04
   4.0226749e-04
   2.5494173e-04
   1.0074864e-04
  -3.2340922e-05
  -1.5344502e-04
  -2.7266864e-04
  -3.7186834e-04
  -4.1238516e-04
  -3.6195547e-04
  -2.5502057e-04
  -1.3358766e-04
  -9.5403414e-06
   1.1439487e-04
   2.3939402e-04
   3.3693897e-04
   3.7937938e-04
   3.5906450e-04
   2.8331983e-04
   1.7984062e-04
   6.1843717e-05
  -5.9765614e-05
  -1.7507150e-04
  -2.7169779e-04
  -3.2867140e-04
  -3.3032361e-04
  -2.7376460e-04
  -1.8359164e-04
  -7.6755905e-05
   3.4452674e-05
   1.4373560e-04
   2.4517342e-04
   3.0991547e-04
   3.1723298e-04
   2.7751745e-04
   1.9975887e-04
   1.1046732e-04
   1.2435932e-05
  -1.0333680e-04
  -2.0395481e-04
  -2.6699180e-04
  -2.8149925e-04
  -2.5621753e-04
  -1.9449843e-04
  -1.1907968e-04
  -2.2457731e-05
   8.4582894e-05
   1.8214749e-04
   2.5021530e-04
   2.7110441e-04
   2.5529312e-04
   2.0958019e-04
   1.4136492e-04
   5.1088797e-05
  -5.1007671e-05
  -1.4356184e-04
  -2.1091491e-04
  -2.4429811e-04
  -2.4242962e-04
  -2.0538319e-04
  -1.4497674e-04
  -6.4009732e-05
   3.0975389e-05
   1.1779170e-04
   1.9119276e-04
   2.2848507e-04
   2.3775315e-04
   2.1476979e-04
   1.6242152e-04
   9.0936708e-05
   1.8227728e-06
  -8.7298695e-05
  -1.5639373e-04
  -2.0258342e-04
  -2.1925720e-04
  -2.1024440e-04
  -1.7330051e-04
  -1.0832409e-04
  -2.6392241e-05
   5.9154282e-05
   1.3285800e-04
   1.8214443e-04
   2.1299657e-04
   2.1075096e-04
   1.8573032e-04
   1.3191692e-04
   5.6720188e-05
  -2.3658047e-05
  -9.6638706e-05
  -1.5988967e-04
  -1.9526658e-04
  -2.0268402e-04
  -1.8650635e-04
  -1.4079221e-04
  -7.5933547e-05
   3.6730282e-08
   7.3786533e-05
   1.3569798e-04
   1.7705601e-04
   2.0076134e-04
   1.9290008e-04
   1.5472594e-04
   1.0104191e-04
   2.6001615e-05
  -4.5411960e-05
  -1.0866365e-04
  -1.5661687e-04
  -1.8544780e-04
  -1.8785601e-04
  -1.6001269e-04
  -1.0784577e-04
  -4.7502376e-05
   2.1656525e-05
   8.5655622e-05
   1.3724297e-04
   1.6833371e-04
   1.7443976e-04
   1.6213170e-04
   1.1969103e-04
   6.3184990e-05
   8.3815946e-07
  -6.0825923e-05
  -1.1373363e-04
  -1.5351837e-04
  -1.6466233e-04
  -1.5302749e-04
  -1.2294797e-04
  -7.6020871e-05
  -8.4949760e-06
   4.4340070e-05
   9.7978813e-05
   1.3328690e-04
   1.5325842e-04
   1.5112583e-04
   1.2409094e-04
   8.2317414e-05
   2.9613633e-05
  -2.6072203e-05
  -7.5919035e-05
  -1.1628075e-04
  -1.3897539e-04
  -1.4404613e-04
  -1.2421677e-04
  -8.6723140e-05
  -3.7562019e-05
   1.3062644e-05
   5.9298185e-05
   1.0182644e-04
   1.2752677e-04
   1.3263667e-04
   1.2303070e-04
   9.2920086e-05
   5.1851328e-05
   4.9738251e-07
  -4.2755929e-05
  -8.5988122e-05
  -1.1601014e-04
  -1.3053602e-04
  -1.2013555e-04
  -1.0087760e-04
  -6.1118293e-05
  -1.3305520e-05
   2.8615397e-05
   7.6379389e-05
   1.0280635e-04
   1.2259302e-04
   1.1956318e-04
   1.0258015e-04
   6.9447788e-05
   3.2666174e-05
  -1.7371968e-05
  -5.9986160e-05
  -9.5169488e-05
  -1.1563815e-04
  -1.2209938e-04
  -1.1018802e-04
  -8.1408373e-05
  -4.1596947e-05
   3.3712140e-06
   4.4665137e-05
   8.2198580e-05
   1.1014344e-04
   1.1384545e-04
   1.1086744e-04
   8.5856972e-05
   5.0511150e-05
   7.7926459e-06
  -3.2727321e-05
  -6.9498110e-05
  -9.8893250e-05
  -1.1287085e-04
  -1.1206125e-04
  -9.2920156e-05
  -6.3361843e-05
  -2.5747619e-05
   1.9240246e-05
   5.8324332e-05
   8.6385925e-05
   1.0486848e-04
   1.0790567e-04
   9.5447293e-05
   6.9026545e-05
   3.3017231e-05
  -5.2893251e-06
  -4.4274999e-05
  -7.0073059e-05
  -9.4385112e-05
  -1.0318018e-04
  -9.5905678e-05
  -7.4604466e-05
  -4.3648706e-05
  -8.3568208e-06
   2.7044815e-05
   6.2384730e-05
   8.5324361e-05
   9.6420734e-05
   9.1406319e-05
   7.6783613e-05
   5.1857808e-05
   1.6687607e-05
  -1.6370405e-05
  -4.7942723e-05
  -7.3697632e-05
  -8.3978829e-05
  -8.6950234e-05
  -7.8159226e-05
  -5.6150874e-05
  -2.6749779e-05
   7.0238153e-06
   3.7167207e-05
   6.0703476e-05
   7.6180025e-05
   8.4352491e-05
   7.8515613e-05
   5.8032597e-05
   3.7484552e-05
   3.0539514e-06
  -2.4828468e-05
  -4.9719009e-05
  -6.7284018e-05
  -7.5322924e-05
  -7.6048384e-05
  -5.9141178e-05
  -3.9262438e-05
  -1.2823599e-05
   1.5067458e-05
   4.4483027e-05
   6.2115767e-05
   7.2376487e-05
   7.3111454e-05
   6.3579097e-05
   4.3073846e-05
   1.8886486e-05
  -9.0265014e-06
  -3.3929464e-05
  -5.3699684e-05
  -6.7516083e-05
  -7.0380641e-05
  -6.2934263e-05
  -4.6704119e-05
  -2.6079221e-05
   4.3472118e-07
   2.4011533e-05
   4.4543788e-05
   5.7738013e-05
   6.6509723e-05
   6.0704327e-05
   4.8838879e-05
   2.7567409e-05
   3.6038663e-07
  -2.2383334e-05
  -4.4400257e-05
  -5.9037114e-05
  -6.4876856e-05
  -6.3302063e-05
  -5.1488088e-05
  -3.3020599e-05
  -1.3057211e-05
   1.1310612e-05
   3.3423607e-05
   4.8864589e-05
   5.8464820e-05
   5.8482611e-05
   5.4039451e-05
   3.7849920e-05
   1.6501369e-05
  -4.0945366e-06
  -2.9053115e-05
  -4.4514210e-05
  -5.6225289e-05
  -6.0596808e-05
  -5.5431659e-05
  -4.2854973e-05
  -2.5897498e-05
  -3.7793887e-06
   1.7667166e-05
   3.6827555e-05
   4.5700348e-05
   5.7523577e-05
   4.8742680e-05
   4.1454346e-05
   2.6754438e-05
   8.3838480e-06
  -1.1483033e-05
  -3.2025581e-05
  -4.2325676e-05
  -5.2621353e-05
  -5.5552879e-05
  -4.6741243e-05
  -3.1265728e-05
  -1.7962768e-05
   5.6281387e-06
   2.2562431e-05
   3.7301268e-05
   4.6249354e-05
   4.6294852e-05
   4.4139509e-05
   3.4694277e-05
   2.1510903e-05
   2.5019092e-07
  -1.4393558e-05
  -3.0545280e-05
  -4.0790097e-05
  -4.2213429e-05
  -3.8520088e-05
  -3.5582614e-05
  -1.8662290e-05
  -1.7448142e-06
   1.5175056e-05
   3.0672865e-05
   4.0265244e-05
   4.3957281e-05
   4.5450963e-05
   3.8169378e-05
   2.7939584e-05
   1.1843138e-05
  -1.3386670e-06
  -1.9637380e-05
  -3.1356569e-05
  -3.6385808e-05
  -4.0040140e-05
  -3.1930418e-05
  -2.3149138e-05
  -9.1377737e-06
   5.6151535e-06
   2.1072214e-05
   3.5780176e-05
   3.8709929e-05
   4.4555876e-05
   3.9458098e-05
   3.1451092e-05
   1.9710062e-05
   8.0119801e-06
  -9.5872123e-06
  -2.0525553e-05
  -2.8548534e-05
  -3.0659174e-05
  -2.8442587e-05
  -2.2524143e-05
  -1.2157085e-05
  -3.4147820e-07
   1.6585631e-05
   2.7597325e-05
   3.6396227e-05
   3.9367287e-05
   3.4973432e-05
   3.1326411e-05
   2.4649406e-05
   1.0681240e-05
  -2.5067607e-06
  -1.5748295e-05
  -2.7559963e-05
  -3.2715259e-05
  -3.2866909e-05
  -2.9259825e-05
  -1.7617639e-05
  -7.3314531e-06
   2.2188968e-06
   1.6923546e-05
   2.4212382e-05
   3.2269873e-05
   3.1562834e-05
   3.1660829e-05
   2.4393991e-05
   1.2692879e-05
   2.4823470e-06
  -3.4538700e-06
  -1.6715742e-05
  -2.4186506e-05
  -2.7229753e-05
  -2.6559876e-05
  -2.1575806e-05
  -1.3462731e-05
  -6.2576994e-06
   7.5961993e-06
   1.2771064e-05
   2.5320399e-05
   2.6923856e-05
   2.8477832e-05
   2.1281937e-05
   1.7022657e-05
