  -4.9441502e-04
  -4.7141582e-04
  -4.7646706e-04
  -4.1754741e-04
  -2.6626655e-04
  -9.1065982e-06
   2.4379770e-04
   3.8286288e-04
   4.4357758e-04
   4.9338081e-04
   5.1666634e-04
   4.7250755e-04
   3.2054273e-04
   1.1281426e-04
  -6.6229221e-05
  -1.9630748e-04
  -2.8557870e-04
  -3.5310322e-04
  -3.8738172e-04
  -3.4170279e-04
  -2.2570640e-04
  -6.9582976e-05
   7.5399328e-05
   2.0304672e-04
   2.9232663e-04
   3.6419470e-04
   3.9760708e-04
   3.6712285e-04
   2.7897933e-04
   1.4943780e-04
   1.6353164e-05
  -9.9519375e-05
  -1.9678768e-04
  -2.7306149e-04
  -3.1581313e-04
  -2.9987721e-04
  -2.3071848e-04
  -1.2237493e-04
  -1.7411343e-06
   1.0527096e-04
   1.9829545e-04
   2.7457304e-04
   3.2536285e-04
   3.2470630e-04
   2.6866646e-04
   1.7725675e-04
   7.0644025e-05
  -2.1041061e-05
  -1.2071401e-04
  -2.0293175e-04
  -2.5663196e-04
  -2.6609909e-04
  -2.2463629e-04
  -1.4866087e-04
  -6.3279472e-05
   2.6317278e-05
   1.2761321e-04
   2.0704001e-04
   2.6519648e-04
   2.7904261e-04
   2.5456547e-04
   1.9700149e-04
   1.2116274e-04
   3.4488034e-05
  -5.8877516e-05
  -1.4416689e-04
  -2.0306601e-04
  -2.3088519e-04
  -2.1888678e-04
  -1.7599900e-04
  -1.1050987e-04
  -2.8125461e-05
   6.3868531e-05
   1.4270185e-04
   2.0467527e-04
   2.4364704e-04
   2.4058861e-04
   2.0889604e-04
   1.5959584e-04
   8.7530769e-05
   7.3153546e-06
  -7.5178055e-05
  -1.4360964e-04
  -1.8044817e-04
  -1.9219296e-04
  -1.7305187e-04
  -1.3182071e-04
  -7.3023316e-05
   5.0338270e-06
   7.6512802e-05
   1.3991028e-04
   1.8558472e-04
   2.0253767e-04
   1.9821988e-04
   1.6597158e-04
   1.1604091e-04
   4.9134381e-05
  -2.1504088e-05
  -8.0402465e-05
  -1.2898599e-04
  -1.5475922e-04
  -1.5484908e-04
  -1.3284081e-04
  -9.3230182e-05
  -3.6643847e-05
   2.8131677e-05
   8.6243801e-05
   1.3411091e-04
   1.6059128e-04
   1.6807576e-04
   1.5425139e-04
   1.2270991e-04
   7.2772276e-05
   1.6924915e-05
  -4.1873540e-05
  -8.5979721e-05
  -1.1317975e-04
  -1.2423243e-04
  -1.2508186e-04
  -9.8680096e-05
  -5.7594209e-05
  -3.9100283e-06
   4.4561029e-05
   9.1539365e-05
   1.2161585e-04
   1.4515070e-04
   1.4146779e-04
   1.2316597e-04
   8.8634814e-05
   4.0170194e-05
  -9.0696544e-06
  -5.0895115e-05
  -8.4643999e-05
  -1.0960648e-04
  -1.0958594e-04
  -9.7863934e-05
  -6.6953800e-05
  -2.4310236e-05
   1.9036941e-05
   5.9392489e-05
   1.0044818e-04
   1.1805752e-04
   1.3200317e-04
   1.1804963e-04
   9.6702546e-05
   5.6250390e-05
   1.5125049e-05
  -2.7449023e-05
  -5.9735397e-05
  -8.6065828e-05
  -1.0148132e-04
  -9.6960365e-05
  -7.2667475e-05
  -4.4671897e-05
  -1.9892818e-06
   3.6947379e-05
   7.4423639e-05
   9.8664795e-05
   1.1553013e-04
   1.1769949e-04
   9.9267201e-05
   7.3471437e-05
   3.5981872e-05
   6.9911856e-07
  -4.3404599e-05
  -6.9105309e-05
  -8.4482369e-05
  -9.1036250e-05
  -8.1353488e-05
  -5.7775681e-05
  -2.4623393e-05
   9.9438492e-06
   5.1169691e-05
   7.9108947e-05
   9.6806288e-05
   1.0851038e-04
   9.9652587e-05
   8.3471869e-05
   5.4764567e-05
   1.7237632e-05
  -1.4415889e-05
  -4.8939776e-05
  -7.0305037e-05
  -8.4262023e-05
  -7.9071537e-05
  -6.4311673e-05
  -4.1474050e-05
  -1.3484904e-05
   2.1154649e-05
   5.2838400e-05
   7.9321448e-05
   9.4061394e-05
   9.5566049e-05
   8.8207040e-05
   6.7612007e-05
   3.8190868e-05
   8.7410566e-06
  -2.7244266e-05
  -5.4485098e-05
  -6.6280346e-05
  -7.2874725e-05
  -6.8473094e-05
  -5.4461570e-05
  -3.1707849e-05
   1.4056338e-06
   2.4268351e-05
   5.2958843e-05
   7.3607459e-05
   8.3937527e-05
   8.3273554e-05
   7.0086631e-05
   5.2447330e-05
   2.5234269e-05
  -4.1361317e-06
  -3.2751468e-05
  -4.8208207e-05
  -6.2954871e-05
  -6.2218374e-05
  -5.4154575e-05
  -3.6520723e-05
  -1.5939033e-05
   1.4964797e-05
   3.4084424e-05
   5.7615319e-05
   7.1614335e-05
   7.3873887e-05
   7.2426411e-05
   5.9202742e-05
   3.4277952e-05
   1.2270807e-05
  -1.4185782e-05
  -3.6181755e-05
  -5.0141135e-05
  -5.8189554e-05
  -5.3748210e-05
  -4.5646907e-05
  -2.2894003e-05
  -2.3094030e-06
   2.1935176e-05
   4.3268929e-05
   5.6483598e-05
   6.6815243e-05
   6.6829163e-05
   5.6557655e-05
   4.5542211e-05
   2.0579917e-05
  -1.4235586e-06
  -2.4928022e-05
  -3.8893379e-05
  -5.0569477e-05
  -4.9873637e-05
  -4.4650137e-05
  -3.0643900e-05
  -1.0807123e-05
   9.0658024e-06
   3.1138211e-05
   4.5850191e-05
   5.9777113e-05
   6.5662235e-05
   5.9810119e-05
   4.9506319e-05
   3.1837674e-05
   1.2801118e-05
  -6.3177959e-06
  -2.6846510e-05
  -3.9300259e-05
  -4.5138938e-05
  -4.4358222e-05
  -3.5497429e-05
  -1.9939177e-05
  -7.4191493e-06
   1.6169889e-05
   3.7509537e-05
   4.9983276e-05
   5.8794867e-05
   6.1776485e-05
   5.0767153e-05
   3.8269299e-05
   2.2112226e-05
   4.4967482e-06
  -1.5356298e-05
  -3.2959793e-05
  -4.4650184e-05
  -4.3104571e-05
  -3.8639200e-05
  -2.6850235e-05
  -1.3526238e-05
   4.9198302e-06
   2.6320209e-05
   3.8856111e-05
   4.9968914e-05
   5.7340044e-05
   5.0801857e-05
   4.4937631e-05
   3.4696683e-05
   1.7051838e-05
  -4.9666966e-06
  -1.7490959e-05
  -3.1355817e-05
  -4.0923661e-05
  -3.7925797e-05
  -3.2013375e-05
  -2.3902248e-05
  -4.0062035e-06
   1.7341628e-05
   3.0647699e-05
   4.2493139e-05
   4.9841280e-05
   5.3561049e-05
   4.9197011e-05
   3.5220989e-05
   2.1955021e-05
   8.7692703e-06
  -6.6702537e-06
  -1.9908146e-05
  -3.0228598e-05
  -3.3172404e-05
  -3.4658559e-05
  -2.2919042e-05
  -9.7174218e-06
   2.1073966e-06
   1.9019642e-05
   3.0068896e-05
   4.1116739e-05
   4.7026978e-05
   4.3374376e-05
   3.6809312e-05
   2.9423114e-05
   1.3287980e-05
   1.5214071e-06
  -1.3121376e-05
  -2.1214661e-05
  -2.9977472e-05
  -2.9285037e-05
  -2.8512328e-05
  -1.5294687e-05
  -2.0394656e-06
   7.5565580e-06
   1.9318843e-05
   2.9656544e-05
   3.9211316e-05
   4.1436485e-05
   3.9246765e-05
   3.1185864e-05
   2.0880653e-05
   8.4495644e-06
  -1.8188768e-06
  -1.2085136e-05
  -2.1639151e-05
  -2.1622351e-05
  -2.2321489e-05
  -1.7855885e-05
  -5.3897018e-06
   9.3251933e-06
   1.8874653e-05
   2.5507325e-05
   3.8721952e-05
   3.8738790e-05
   3.9507701e-05
   3.4362900e-05
   2.8470444e-05
   1.6788488e-05
   2.8173704e-06
  -5.2524487e-06
  -1.4826345e-05
  -2.0662252e-05
  -1.9959757e-05
  -1.7731181e-05
  -8.9398548e-06
   3.4606691e-06
   1.0787653e-05
   2.3887093e-05
   3.1067427e-05
   3.6013063e-05
   3.5873478e-05
   3.6405755e-05
   2.8150774e-05
   2.1296653e-05
   1.1468173e-05
  -2.6817599e-06
  -8.6997933e-06
  -1.8426896e-05
  -1.8488196e-05
  -1.8527524e-05
  -1.7134948e-05
  -5.2941176e-06
   2.0864286e-06
   1.1745193e-05
   2.3574422e-05
   3.1703951e-05
   3.5424598e-05
   3.1095475e-05
   3.0312206e-05
   2.1442738e-05
   1.7627338e-05
   9.3548707e-06
  -1.9381656e-06
  -8.9091596e-06
  -1.5822235e-05
  -1.6089381e-05
  -1.6266506e-05
  -1.3442770e-05
  -3.2636917e-06
   4.0648332e-06
   1.5778832e-05
   2.3218742e-05
   2.7824113e-05
   3.2409326e-05
   2.8160136e-05
   2.6803406e-05
   1.9590309e-05
  -1.7161474e-05
   3.3579469e-06
  -7.1954795e-06
  -1.3458166e-05
  -1.2375484e-05
  -1.4249458e-05
  -1.1659778e-05
  -8.9707819e-06
   1.0928425e-06
   6.8400414e-06
   1.1171718e-05
   1.8544195e-05
   2.3870891e-05
   2.4855931e-05
   2.4354083e-05
   1.9454474e-05
   1.5218178e-05
   3.5295962e-06
  -3.8875672e-06
  -9.2441321e-06
  -1.3336320e-05
  -1.7455962e-05
  -1.3494718e-05
  -1.0130260e-05
  -5.3152228e-06
   1.0659165e-06
   3.7780080e-06
   1.0372515e-05
   1.7060293e-05
   1.9541136e-05
   1.7607966e-05
   1.7844152e-05
   1.1517120e-05
   4.4165134e-06
  -4.9470120e-07
  -3.4871625e-06
  -1.1764743e-05
  -1.4299693e-05
  -1.4067596e-05
  -1.2370480e-05
  -1.1377152e-05
  -7.4011554e-06
  -3.2929874e-06
   6.0894692e-06
   7.4765899e-06
   1.2659942e-05
   1.5821494e-05
   1.5395480e-05
   1.1359980e-05
   5.1417594e-06
   1.7353342e-06
  -5.4774894e-06
  -1.1387442e-05
  -1.3851723e-05
  -2.0129253e-05
  -1.7815685e-05
  -1.5379851e-05
  -1.0615083e-05
  -7.3886503e-06
  -2.5650716e-06
   5.2684640e-06
   8.8664361e-06
   1.1945334e-05
   8.6915591e-06
   1.0504170e-05
   4.2918982e-06
  -2.6825502e-06
  -3.8157260e-06
  -1.0284228e-05
  -1.1908316e-05
  -1.8880250e-05
  -1.8708398e-05
  -1.4825554e-05
  -1.5290976e-05
  -9.8847437e-06
  -4.4355809e-06
  -1.1517326e-06
  -5.8300212e-07
   6.8324818e-06
   4.9529930e-06
   4.5835160e-06
   3.5404458e-06
   3.1971420e-06
  -3.7327777e-06
  -8.6263946e-06
  -1.0053658e-05
  -1.6261042e-05
  -1.7444689e-05
  -1.5737920e-05
  -1.4064328e-05
