  -1.1432786e-05
  -5.1273394e-06
   4.1330695e-06
   1.2685390e-05
   2.1198529e-05
   2.7466536e-05
   3.6529407e-05
   3.0152158e-05
   3.6140911e-05
   3.4723801e-05
   3.3146531e-05
   2.5660610e-05
   2.0300504e-05
   1.4152011e-05
   8.6724930e-06
   4.6505936e-06
  -3.7824974e-06
  -6.3065308e-06
  -1.2453624e-05
  -1.5606471e-05
  -1.6474001e-05
  -1.5095976e-05
  -1.2181282e-05
  -1.4307823e-05
  -9.1079819e-06
  -6.7037593e-06
  -3.5508809e-06
   2.5564944e-06
   4.3319938e-06
   4.5709066e-06
   1.1427410e-05
   1.3832619e-05
   1.3323556e-05
   1.7106355e-05
   2.3015044e-05
   1.7934842e-05
   1.8603503e-05
   1.9232244e-05
   1.9112467e-05
   1.3752833e-05
   9.9303041e-06
   8.2339588e-06
   2.9145299e-06
   1.2185000e-06
  -3.9784734e-07
  -3.4714227e-06
  -7.2140137e-06
  -9.4595635e-06
  -9.4595635e-06
  -7.2140137e-06
  -8.6315863e-06
  -9.2608725e-06
  -3.9814283e-06
  -1.5921301e-07
   7.4853973e-07
   4.5709066e-06
   9.1418897e-06
   9.2614946e-06
   1.3752833e-05
   1.3832619e-05
   1.6786963e-05
   1.8284085e-05
   1.5289842e-05
   1.4501391e-05
   1.8084650e-05
   1.2804926e-05
   7.5650899e-06
   7.4057650e-06
   8.0348720e-06
   2.0465961e-06
  -1.6960635e-06
  -3.2328999e-06
  -6.9755378e-06
  -7.7240642e-06
  -2.6036650e-06
  -6.2270110e-06
  -4.7299563e-06
  -1.6960635e-06
  -1.6164879e-06
  -7.9618852e-08
   2.9543425e-06
   6.7368718e-06
   9.0621840e-06
   9.1418897e-06
   8.4730667e-06
   1.0718728e-05
   1.3633200e-05
   1.3633200e-05
   9.1817518e-06
   7.7245136e-06
   4.6904464e-06
   8.2737947e-06
   4.5310724e-06
   3.7028823e-06
  -1.4970783e-06
  -4.4912301e-06
  -1.6562788e-06
  -9.0774609e-07
  -4.6504056e-06
  -5.3591532e-06
  -3.9416545e-06
  -2.4445942e-06
  -3.8222959e-06
  -1.5766909e-06
   1.4174548e-06
   4.4116067e-06
   6.6572248e-06
   4.5709066e-06
   7.5252494e-06
   9.0223403e-06
   9.0621840e-06
   1.1307828e-05
   8.3534850e-06
   5.4389963e-06
   9.0223403e-06
   6.8165435e-06
   4.5709066e-06
   2.3252733e-06
   3.0339862e-06
   0.0000000e+00
   2.9145299e-06
  -8.2815506e-07
  -1.5766909e-06
  -3.0339612e-06
  -9.0774609e-07
  -9.0774609e-07
   2.7553413e-06
   5.8932047e-07
  -1.5368877e-06
   1.4174548e-06
   4.4116067e-06
   1.4970799e-06
   2.9941613e-06
   4.4912443e-06
   7.4854151e-06
   4.5310724e-06
   5.3194519e-06
   6.0679975e-06
   4.5709066e-06
   4.5709066e-06
   3.8223618e-06
   4.5709066e-06
   2.2854438e-06
   1.4970799e-06
   2.2058032e-06
   2.1659921e-06
  -7.4853933e-07
   1.4174548e-06
  -7.9618852e-08
  -1.1941902e-07
   4.3319938e-06
  -8.2815506e-07
   4.3319938e-06
   2.9145299e-06
   2.1659921e-06
   2.9145299e-06
   1.4970799e-06
   2.9941613e-06
   3.0339862e-06
   5.9883289e-06
   3.0339862e-06
   4.5310724e-06
   6.7368718e-06
   5.9883289e-06
   4.5310724e-06
   5.2796161e-06
   5.9883289e-06
   3.7427026e-06
   2.9941613e-06
   7.8835998e-07
   2.9543425e-06
   1.4970799e-06
   1.4572642e-06
   4.3717972e-06
   5.8290659e-06
   5.0407309e-06
   2.9145299e-06
   1.4174548e-06
  -1.4970783e-06
   2.1659921e-06
   2.9145299e-06
   1.4970799e-06
   2.9543425e-06
   2.9941613e-06
   2.9941613e-06
   2.2854438e-06
   5.9485039e-06
   5.9883289e-06
   5.9883289e-06
   4.4912443e-06
   1.5369017e-06
   1.5767297e-06
   5.2397864e-06
   3.7427026e-06
   2.9941613e-06
   3.6630681e-06
   5.1601457e-06
   1.4970799e-06
   3.6630681e-06
   0.0000000e+00
   0.0000000e+00
