  -1.7214884e-05
   1.5924030e-06
   1.5697872e-05
   2.2983279e-05
   2.5446944e-05
   3.0316507e-05
   2.9722858e-05
   4.3826750e-05
   4.6709237e-05
   6.0349559e-05
   6.6287051e-05
   6.7281547e-05
   3.4070579e-05
   6.1019452e-06
  -2.0805137e-05
  -3.3258004e-05
  -3.5255861e-05
  -2.9202047e-05
  -1.5096565e-05
  -5.5722597e-06
   3.8918151e-06
   2.1932572e-05
   2.7280230e-05
   2.5807631e-05
   1.8987524e-05
   1.2813513e-05
   5.3477747e-06
   6.5797973e-06
  -1.4718677e-06
  -8.8775211e-06
  -1.4931242e-05
  -2.2276995e-05
  -2.6272867e-05
  -2.5566925e-05
  -2.5446913e-05
  -1.6043294e-05
  -1.3339383e-05
  -1.8777678e-06
   5.4678650e-06
   1.2167572e-05
   1.4165469e-05
   1.4165469e-05
   1.2167572e-05
   1.6163369e-05
   4.0558457e-06
  -2.6438687e-06
  -5.3477697e-06
  -1.4751384e-05
  -1.2753471e-05
  -1.5457361e-05
  -1.4811382e-05
  -1.4165396e-05
  -1.1461520e-05
  -8.7576381e-06
  -8.1116567e-06
   2.6438890e-06
   7.3456926e-06
   1.1401525e-05
   6.0537542e-06
   9.4636581e-06
   7.4657601e-06
   4.1159062e-06
   2.7639486e-06
  -2.6438687e-06
  -3.9958198e-06
  -1.2047485e-05
  -9.4036114e-06
  -1.0755556e-05
  -8.1116567e-06
  -9.4635950e-06
  -5.4677370e-06
  -5.4677370e-06
  -3.4098545e-06
   1.2919481e-06
   3.3498596e-06
  -1.2919163e-06
   1.3519473e-06
  -3.9357596e-06
  -4.5816931e-06
   4.1159062e-06
  -3.9357596e-06
  -2.6438687e-06
  -7.9916283e-06
  -4.7018059e-06
  -4.0558342e-06
  -6.7597172e-06
  -1.4119298e-06
  -2.7638668e-06
  -1.4119298e-06
  -2.0579142e-06
  -5.4077763e-06
  -1.3519460e-06
  -5.3477697e-06
  -3.3498593e-06
   4.0558457e-06
  -3.9357596e-06
  -4.6417724e-06
  -1.2919163e-06
  -2.6438687e-06
  -5.3477697e-06
   0.0000000e+00
