   7.3029167e-04
   7.4979116e-04
   6.2751461e-04
   3.0190791e-04
   2.3083888e-05
  -2.7633778e-04
  -4.9995415e-04
  -5.8921586e-04
  -5.5248166e-04
  -3.4603362e-04
  -1.2255291e-04
   1.0580246e-04
   3.0281085e-04
   4.0776479e-04
   4.1814037e-04
   3.5242307e-04
   9.9180420e-05
  -1.3279074e-04
  -2.8956638e-04
  -3.8508277e-04
  -3.8473209e-04
  -2.8516322e-04
  -1.2079432e-04
   3.1087934e-05
   1.5981820e-04
   2.2450694e-04
   2.5201512e-04
   2.5900232e-04
   1.9073349e-04
  -1.6470678e-05
  -1.9372546e-04
  -2.7428517e-04
  -2.8227926e-04
  -2.6442564e-04
  -1.4939689e-04
  -1.2286417e-05
   9.3476948e-05
   1.6068246e-04
   1.7520040e-04
   1.7595893e-04
   1.7354228e-04
   7.5772810e-05
  -6.9339111e-05
  -1.9258008e-04
  -2.1643468e-04
  -1.9628230e-04
  -1.6031874e-04
  -7.1135572e-05
   3.4661701e-05
   1.0235590e-04
   1.2223311e-04
   1.1344302e-04
   1.0073357e-04
   8.7478102e-05
   3.4241339e-05
  -7.0960431e-05
  -1.3012976e-04
  -1.3127639e-04
  -1.1442187e-04
  -8.8360438e-05
  -2.5087768e-05
   4.4804317e-05
   8.1985043e-05
   8.2499397e-05
   6.9050731e-05
   4.7596734e-05
   2.4892272e-05
  -5.1208491e-06
  -6.5050439e-05
  -8.6257942e-05
  -6.9403044e-05
  -5.3944763e-05
  -2.5133998e-05
   1.7978003e-07
   4.4196213e-05
   6.4812852e-05
   5.3360783e-05
   3.3909808e-05
   1.8509328e-05
  -2.4061763e-07
  -2.4294860e-05
  -4.1643235e-05
  -4.4295199e-05
  -3.4842245e-05
  -1.6083586e-05
   1.3204166e-06
   3.0128876e-05
   4.2836869e-05
   4.5541201e-05
   3.2144334e-05
   2.0092779e-05
   5.3439536e-06
  -1.4058039e-05
  -2.8161998e-05
  -3.6210489e-05
  -2.9558649e-05
  -3.0905499e-05
  -1.2849157e-05
   5.9102685e-06
   2.1977240e-05
   3.2091611e-05
   3.0845003e-05
   2.8204373e-05
   1.8903667e-05
   2.2057348e-06
  -9.1915619e-06
  -1.9285188e-05
  -2.4678599e-05
  -2.1421765e-05
  -1.5460130e-05
  -7.4846913e-07
   7.2628869e-06
   1.9322115e-05
   1.8074024e-05
   1.3476565e-05
   1.6232483e-05
   1.4984116e-05
   2.9896652e-06
  -8.4015730e-06
  -1.0439559e-05
  -9.1240045e-06
  -1.5261414e-05
  -1.0649792e-05
  -1.3345306e-06
   4.6860580e-06
   1.2754191e-05
   7.4683471e-06
   4.2275166e-06
   2.9891286e-06
   3.7517213e-06
   4.6845701e-07
   4.8834005e-07
  -8.4847486e-07
  -8.9031482e-07
  -9.6820933e-07
   2.3002013e-06
   8.2753419e-06
   3.5877490e-06
   2.9486160e-06
   3.1195786e-07
  -4.2841403e-06
  -5.5774168e-06
  -3.4716506e-06
  -2.7667056e-06
  -2.0550368e-06
   4.6014048e-06
   7.9666960e-06
   5.8839344e-06
   5.8502552e-06
   3.1194304e-06
  -1.5695191e-06
  -4.2575822e-06
  -7.5539124e-06
  -6.2002440e-06
  -1.4449100e-06
  -2.0418374e-06
  -6.0377544e-06
  -6.3543082e-07
   3.3659483e-06
   6.6669420e-06
   8.6775662e-06
   1.1984635e-05
   5.2954662e-06
   5.5503241e-07
  -4.7854940e-06
  -8.7794137e-06
  -8.7769520e-06
  -4.7199570e-06
  -7.3679434e-06
  -3.3156276e-06
   2.0438098e-06
   4.7494652e-06
   1.0104849e-05
   6.7604494e-06
   8.7750803e-06
   6.0869280e-06
   5.3909808e-06
   4.0514963e-06
  -4.6411907e-06
  -7.3292839e-06
  -1.1330550e-05
  -5.2746894e-06
  -7.9748542e-06
  -5.7709084e-07
   4.1254064e-06
   8.1355444e-06
   6.1424070e-06
   1.0152551e-05
   4.1623997e-06
   4.1220598e-06
  -3.2153595e-06
  -1.8629365e-06
  -4.5610480e-06
  -8.6098102e-06
  -5.9061317e-06
  -8.6062863e-06
  -3.9030932e-06
   2.1553663e-06
   4.1585977e-06
   4.8613666e-06
   7.5603493e-06
   4.2085883e-06
   4.2150555e-06
  -1.1321541e-06
  -3.1706653e-06
  -8.5118727e-06
