   3.1960777e-04
   3.7368230e-04
   4.1112240e-04
   3.6163363e-04
   1.9782905e-04
   6.1533997e-05
  -2.7739330e-05
  -5.5594756e-05
  -4.8189358e-05
  -1.6925026e-05
  -1.1107573e-05
  -1.5985843e-05
  -3.4851386e-05
  -3.8318710e-05
  -4.7016906e-05
  -4.7722084e-05
  -2.0922295e-05
  -1.5275718e-06
   1.4575746e-05
   2.5272269e-05
   3.2677342e-05
   3.2089343e-05
   2.6211926e-05
   1.7631353e-05
   6.3475126e-06
  -5.6415267e-06
  -1.0989631e-05
  -1.5044964e-05
  -1.8453881e-05
  -1.6573492e-05
  -1.2635883e-05
  -3.4086400e-06
   1.2344178e-06
   1.8224072e-06
   3.8206876e-06
   8.4638536e-06
   7.8757885e-06
   1.0579196e-05
   1.3341216e-05
   9.4033854e-06
   2.8209603e-06
   2.8797827e-06
  -3.1148155e-06
  -9.7558084e-06
  -7.7576251e-06
  -3.1148155e-06
  -9.8735827e-06
  -5.2306996e-06
   2.7034531e-06
   1.2930489e-06
   4.5843919e-06
   5.8775139e-06
   9.2274914e-06
   7.2292187e-06
   6.5826569e-06
   3.9378428e-06
   0.0000000e+00
  -5.8777817e-07
  -6.5824422e-06
  -9.8735827e-06
  -3.1736722e-06
  -3.8201259e-06
  -4.7017171e-07
   8.2274660e-07
   1.4692177e-06
   6.7586425e-06
   5.3482113e-06
   7.9929899e-06
   7.9929899e-06
   3.9378428e-06
   5.2895572e-06
  -5.8669325e-08
  -4.0551700e-06
  -2.7034480e-06
  -1.9982404e-06
  -1.2930171e-06
  -1.8807411e-06
   1.1747640e-07
  -3.1736722e-06
   2.1156967e-06
   2.1156967e-06
   8.1103748e-06
   8.1103748e-06
   4.0551816e-06
   1.3517259e-06
   1.3517259e-06
   6.6999347e-06
   1.9982432e-06
  -2.7034480e-06
  -4.7016922e-06
  -3.3499669e-06
  -5.3482063e-06
  -6.6412108e-06
  -2.6447481e-06
  -1.2930171e-06
   1.4104489e-06
   6.1121460e-06
   2.7621838e-06
   1.4104489e-06
   8.1103748e-06
   6.7586425e-06
   6.1121460e-06
   5.4069114e-06
   4.7016925e-06
  -3.9964779e-06
  -3.3499669e-06
  -5.2894759e-06
  -1.9982404e-06
  -3.9964779e-06
  -5.9947125e-06
  -5.9947125e-06
   5.8715240e-08
  -5.8777817e-07
   2.1156967e-06
   3.4086787e-06
   1.3458571e-05
   7.4638815e-06
   6.1121460e-06
   4.1139199e-06
   7.6395865e-07
   2.0569470e-06
  -3.2912479e-06
  -1.2930171e-06
  -3.9964779e-06
  -5.3482063e-06
  -1.9982404e-06
  -1.9982404e-06
   0.0000000e+00
  -3.9964779e-06
  -1.2930171e-06
   7.0521660e-07
   3.4086787e-06
   6.0534191e-06
  -5.8777817e-07
   7.0521660e-07
   4.1139199e-06
  -1.2930171e-06
   7.6395865e-07
  -1.9395137e-06
   7.0521660e-07
  -3.2912479e-06
  -6.4651252e-07
  -1.9395137e-06
  -6.4651252e-07
  -1.9982404e-06
  -6.4651252e-07
  -1.9982404e-06
   2.7034531e-06
   3.3499672e-06
  -3.2912479e-06
   6.1121460e-06
  -1.9395137e-06
   4.1139199e-06
   4.1139199e-06
  -5.8777817e-07
  -6.5824422e-06
  -5.8777817e-07
  -1.9395137e-06
  -6.4651252e-07
   4.7016925e-06
   1.3517259e-06
   7.0521660e-07
   0.0000000e+00
   3.3499672e-06
  -1.9982404e-06
   1.3517259e-06
   2.0569470e-06
  -1.2930171e-06
   5.8715240e-08
  -5.8777817e-07
   1.4104489e-06
   1.1747640e-07
  -1.9395137e-06
   7.6395865e-07
   5.8715240e-08
  -1.9395137e-06
   7.0521660e-07
  -1.9982404e-06
  -6.4651252e-07
   4.7016925e-06
   0.0000000e+00
