  -1.2400261e-05
  -4.5603984e-05
  -5.0246452e-05
  -3.1617199e-05
  -2.5741007e-05
  -2.8562546e-05
  -3.2794385e-05
  -4.4254765e-05
  -3.7613544e-05
  -3.9023920e-05
  -1.5632688e-05
   1.7637900e-06
   2.0511990e-05
   3.1855169e-05
   3.9965290e-05
   3.5380673e-05
   2.8797976e-05
   1.6926126e-05
   5.6422776e-06
  -6.3467677e-06
  -1.4339408e-05
  -1.9100147e-05
  -2.3155469e-05
  -1.5221658e-05
  -6.6411842e-06
  -4.0551815e-06
   1.8809219e-06
   4.4671855e-06
   1.1813735e-05
   1.4458625e-05
   1.5163717e-05
   1.6573947e-05
   1.5985980e-05
   1.0049897e-05
   7.4639140e-06
   1.5281048e-06
  -2.4682893e-06
   2.3522785e-07
  -7.1110955e-06
  -2.4682893e-06
   1.7635202e-07
   1.1752210e-07
   2.7034608e-06
   1.0637751e-05
   1.0579135e-05
   1.1225697e-05
   1.1872266e-05
   6.5826075e-06
   8.5808697e-06
   7.2877795e-06
   3.3499653e-06
  -6.4650301e-07
  -2.5859643e-06
  -6.5823927e-06
  -5.2894268e-07
  -2.5271497e-06
   1.7635202e-07
   6.8174382e-06
   6.8174382e-06
   9.4033893e-06
   1.4046380e-05
   1.0696413e-05
   1.3282555e-05
   1.0579135e-05
   7.9343206e-06
   3.9378085e-06
   2.5860916e-06
   1.2930299e-06
  -2.7034556e-06
  -1.2929981e-06
  -3.2912232e-06
  -2.5859643e-06
   7.6399483e-07
   4.1139543e-06
   7.4639140e-06
   7.4639140e-06
   1.4105084e-05
   1.3399863e-05
   1.9394595e-05
   7.9929671e-06
   7.3464451e-06
   7.3464451e-06
   2.5860916e-06
   1.9395568e-06
   0.0000000e+00
  -3.9964665e-06
  -1.9982347e-06
  -3.9964665e-06
   1.4104755e-06
   3.4086997e-06
   5.4069267e-06
   2.7034608e-06
   5.4069267e-06
   1.3399863e-05
   9.4033893e-06
   1.0049897e-05
   4.0551931e-06
   6.6999310e-06
   4.7016945e-06
  -1.9982347e-06
   0.0000000e+00
