   6.3969872e-04
   5.6660177e-04
   4.1106936e-04
   2.7439336e-04
   2.2244567e-05
  -1.4452335e-04
  -1.7901969e-04
  -2.3126321e-04
  -2.4357539e-04
  -2.0207051e-04
  -1.4723985e-04
  -4.3306298e-05
   4.5872533e-05
   6.2121187e-05
   8.9264763e-05
   1.0594849e-04
   7.7775212e-05
   7.6626024e-05
   6.2077664e-05
   4.5330425e-05
   2.1785837e-05
  -6.0587193e-06
  -3.8045137e-05
  -4.2568855e-05
  -3.3641255e-05
  -2.2521916e-05
  -1.3955631e-05
  -8.5944327e-06
   1.1697024e-05
   4.3487039e-05
   5.8577889e-05
   5.6276399e-05
   5.3771485e-05
   5.6475794e-05
   5.3730754e-05
   3.0737144e-05
   6.2985374e-06
  -2.1543484e-05
  -3.4629971e-05
  -2.8911051e-05
  -3.1096048e-05
  -2.5740001e-05
  -1.2238826e-05
   7.3127119e-06
   3.3061237e-05
   4.8012681e-05
   6.1559786e-05
   7.3714728e-05
   6.6268892e-05
   6.0120422e-05
   4.2478557e-05
   1.6090382e-05
  -1.0350647e-05
  -2.1289773e-05
  -3.1532915e-05
  -2.8273370e-05
  -1.8874227e-05
  -7.3742115e-06
   1.2880195e-05
   3.3184844e-05
   5.1433057e-05
   5.8188231e-05
   6.0844768e-05
   5.8103910e-05
   4.7248766e-05
   2.9607291e-05
   7.9123069e-06
  -7.7225741e-06
  -1.9960840e-05
  -2.6112343e-05
  -2.4153640e-05
  -1.5346687e-05
  -5.4821932e-07
   2.2404452e-05
   3.6607026e-05
   4.8758071e-05
   5.4810630e-05
   5.3414361e-05
   4.9974134e-05
   3.8376136e-05
   1.8076077e-05
  -2.8652203e-06
  -1.3102893e-05
  -2.5297168e-05
  -2.3389752e-05
  -1.8030878e-05
  -8.5768437e-06
   1.0272961e-05
   1.9767722e-05
   3.7970683e-05
   4.4671894e-05
   5.0722992e-05
   4.7972704e-05
   3.4431027e-05
   2.2837957e-05
   1.2403778e-06
  -2.9500383e-06
  -1.3147559e-05
  -1.7937864e-05
  -2.0683255e-05
  -1.8635228e-05
   3.5774299e-06
   1.6373973e-05
   2.6486855e-05
   3.5937668e-05
   3.9994677e-05
   4.3301937e-05
   4.1212501e-05
   3.0315202e-05
   1.0066185e-05
  -8.2468770e-07
  -2.3224219e-06
  -1.0467603e-05
  -1.3213008e-05
  -1.4563807e-05
  -1.0504713e-05
   4.3033151e-06
   1.9756343e-05
   2.7202153e-05
   3.5263276e-05
   4.2617903e-05
   3.6524909e-05
   2.5681378e-05
   2.0187566e-05
   7.9962548e-06
   4.5369799e-07
  -9.6863951e-06
  -1.3778404e-05
  -1.2464584e-05
  -5.7590370e-06
   2.2930946e-06
   1.3098827e-05
   2.1806015e-05
   2.6557957e-05
   3.5272624e-05
   3.4576938e-05
   3.1134262e-05
   1.8294690e-05
   1.0160671e-05
   6.2453097e-07
  -3.5243156e-06
  -7.6243519e-06
  -9.0184315e-06
  -6.3547089e-06
  -1.6520567e-06
   7.1005469e-06
   1.6510877e-05
   2.2565103e-05
   2.3915245e-05
   3.1927370e-05
   2.5843805e-05
   1.9056378e-05
   1.6263293e-05
   5.4220412e-06
  -4.0678190e-06
  -6.8112131e-06
  -9.5586557e-06
  -8.9492089e-06
  -6.2447145e-06
   7.8087417e-06
   1.4523740e-05
   1.6576222e-05
   2.0633010e-05
   2.2588290e-05
   2.7253662e-05
   1.5805111e-05
   1.3664852e-05
   1.0219660e-05
   7.2436657e-07
  -4.7162956e-06
  -8.1641191e-06
  -7.5092747e-06
  -2.0022859e-07
  -2.1998685e-06
   8.5522997e-06
   1.3907999e-05
   2.0616353e-05
   2.1973807e-05
   2.4637662e-05
   2.5196658e-05
   1.4405618e-05
   9.6164643e-06
  -1.1785580e-06
  -2.6242237e-06
  -7.3631777e-06
  -6.7638055e-06
  -5.4540283e-06
   5.5457488e-07
   6.6139553e-06
   9.9721554e-06
   1.7332064e-05
   1.9338334e-05
   2.1298335e-05
   1.5905814e-05
   1.3162320e-05
   8.3711023e-06
   2.2842218e-06
  -5.8550459e-06
  -4.5974146e-06
  -5.9854941e-06
  -1.3241926e-06
  -4.7225537e-06
   4.6863298e-06
   7.3474812e-06
   1.2709880e-05
   1.5421308e-05
   1.6032031e-05
   1.9341363e-05
   1.2600259e-05
   7.8110514e-06
   3.0754442e-06
   2.9850766e-06
  -3.1125027e-06
  -2.5010721e-06
  -5.8947750e-06
  -6.5865100e-06
   7.2721870e-07
   9.4865705e-06
   9.4872552e-06
   1.1448618e-05
   1.2756459e-05
   1.5414929e-05
   1.4019466e-05
   9.2758443e-06
   3.8304223e-06
  -1.6123240e-06
  -4.3551290e-06
  -1.7468432e-06
  -3.1396297e-06
  -5.8335838e-06
  -3.1738390e-06
  -5.1203827e-07
   6.8444961e-06
   5.5026179e-06
   1.2819650e-05
   1.1481086e-05
   8.7410071e-06
   5.9989307e-06
   8.6493339e-06
   4.9997819e-07
  -2.2421299e-06
   1.7154567e-06
  -2.3866559e-06
   2.2591786e-06
   9.1248562e-07
  -1.1358610e-06
   8.2161666e-06
   9.5185947e-06
   1.2173694e-05
   8.1211100e-06
   1.0770817e-05
   6.6660007e-06
   5.2671900e-06
   7.8653804e-06
   1.7697511e-06
  -4.3318835e-06
  -1.6822004e-06
  -1.7798892e-06
  -2.4769852e-06
   4.8775298e-06
   3.4793808e-06
   1.0183010e-05
   8.7828527e-06
   6.7927436e-06
   1.1413844e-05
   1.1375017e-05
   5.9383365e-06
  -8.0613615e-07
  -8.4896777e-07
  -4.9437331e-06
   1.7184347e-06
  -4.3771359e-06
  -2.3716557e-06
   2.9378478e-06
   3.5900238e-06
   8.2486271e-06
   5.5460449e-06
   5.5059156e-06
   1.0814753e-05
   7.4211022e-06
   4.6763372e-06
  -6.7277967e-08
   1.1896917e-06
   1.1394524e-06
  -3.6102153e-06
  -8.3585312e-06
   9.8878265e-07
   3.6445634e-06
   3.6084404e-06
   4.2666733e-06
   5.5758082e-06
   2.1848596e-06
   7.4970585e-06
  -5.4047309e-07
   4.0692860e-06
  -6.2937284e-07
   6.0293895e-06
  -7.1443261e-07
  -1.4536661e-06
  -8.4358168e-07
  -3.5408930e-06
  -2.2405215e-06
  -9.3344041e-07
  -2.7519858e-07
   7.0358059e-06
   4.3385230e-06
   6.2985480e-06
   2.2533594e-06
   4.8609183e-06
   1.4686178e-06
  -1.9711877e-06
  -6.0117424e-06
  -4.7527537e-06
  -4.0958902e-06
  -7.4835355e-06
  -1.4716206e-06
  -1.5124492e-06
  -8.5155700e-07
   5.1094923e-06
   1.0602338e-06
   3.0242703e-06
  -3.2184848e-07
   2.9466671e-06
   9.0027307e-07
  -4.5457505e-06
  -3.2447293e-06
  -3.2862575e-06
  -1.9791784e-06
  -2.7170996e-06
  -2.0615834e-06
  -2.1125226e-06
  -2.1627621e-06
   1.8382318e-06
   4.4504696e-06
  -6.2951256e-06
  -4.2916182e-06
   4.3151711e-06
  -1.0827009e-06
  -7.1736173e-06
  -2.5176709e-06
  -3.9044510e-06
  -5.3046464e-06
  -5.3515314e-06
  -6.0432693e-06
  -6.0881517e-06
  -2.7822114e-06
  -2.1320902e-06
  -4.1811844e-06
   1.1296171e-06
  -3.6241073e-06
  -2.3250374e-06
  -7.0720536e-06
  -4.4130063e-06
  -3.1587887e-06
  -7.9058022e-06
  -4.6052177e-06
  -1.3073355e-06
  -3.3571879e-06
  -3.4075236e-06
  -2.7628117e-06
  -8.8177197e-06
  -3.5203885e-06
  -2.9211796e-06
  -4.3174696e-06
  -5.7285262e-06
  -2.4368466e-06
  -5.8488158e-06
  -9.2621361e-06
  -3.9742950e-06
  -6.7333942e-06
  -4.0865727e-06
  -8.1467485e-06
  -3.4902464e-06
  -1.5329617e-06
  -8.2821437e-06
  -5.6284579e-06
  -4.3728773e-06
  -1.7219019e-06
  -3.1241968e-06
  -4.5305441e-06
  -1.8917791e-06
  -9.3516115e-06
  -7.4159382e-06
  -1.1482182e-05
  -6.8404974e-06
  -8.8896971e-06
  -5.5918641e-06
  -4.2854378e-06
  -1.3030776e-05
  -4.3724517e-06
  -2.4144646e-06
  -3.1563793e-06
  -7.2117648e-06
  -7.2634034e-06
  -2.6136115e-06
  -7.3667289e-06
  -8.1160958e-06
  -8.8240621e-06
  -6.8654162e-06
  -1.2253237e-05
  -5.5857068e-06
