   1.2927154e-03
   1.4425073e-03
   1.2361007e-03
   7.4898010e-04
   5.1426599e-04
   3.9514026e-04
   2.5596246e-04
   1.2740116e-04
   5.3094477e-05
  -4.1262564e-05
  -1.4033783e-04
  -2.1936187e-04
  -2.5828432e-04
  -2.6536167e-04
  -2.4884870e-04
  -1.9931151e-04
  -1.0023625e-04
  -5.8783508e-06
   8.8478695e-05
   1.5924627e-04
   1.9581049e-04
   2.0760523e-04
   2.1232261e-04
   2.0288699e-04
   1.8991312e-04
   1.6278539e-04
   1.2150379e-04
   6.8427465e-05
   9.4364821e-06
  -4.4818966e-05
  -8.4920553e-05
  -1.0733003e-04
  -1.1676565e-04
  -1.1440739e-04
  -1.0379179e-04
  -7.5484937e-05
  -4.2459846e-05
  -8.2556251e-06
   3.5384215e-05
   6.4871063e-05
   9.3177919e-05
   1.1676653e-04
   1.2148478e-04
   1.2030565e-04
   1.0969004e-04
   9.5536175e-05
   7.1947560e-05
   5.1896331e-05
   2.8307718e-05
   7.0773616e-06
  -1.0614746e-05
  -2.4767739e-05
  -3.6562477e-05
  -3.5383349e-05
  -3.0665973e-05
  -9.4356175e-06
   9.4364821e-06
   3.6563343e-05
   6.0152821e-05
   7.5485809e-05
   9.0818798e-05
   9.6716168e-05
   9.3177919e-05
   8.3742300e-05
   7.1947560e-05
   5.8973693e-05
   3.3025095e-05
   1.0615610e-05
  -1.2973866e-05
  -3.0665973e-05
  -5.0716335e-05
  -5.6613703e-05
  -5.3075455e-05
  -4.3639838e-05
  -2.7126860e-05
  -4.7173766e-06
   1.6512979e-05
   3.7743336e-05
   5.1896331e-05
   6.4871063e-05
   7.6664938e-05
   8.3742300e-05
   8.6100556e-05
   8.7280549e-05
   7.7844930e-05
   6.3691070e-05
   4.7178954e-05
   3.3025095e-05
   1.7692107e-05
   7.0773616e-06
   0.0000000e+00
