   5.5552516e-04
   9.0700426e-04
   1.1499733e-03
   1.2726374e-03
   1.0308475e-03
   5.2721829e-04
   3.4204319e-04
   2.7717296e-04
   1.6512377e-04
   8.0203192e-05
   4.0101595e-05
  -4.2460713e-05
  -1.4507337e-04
  -2.2527654e-04
  -2.7717285e-04
  -2.9604408e-04
  -3.0076232e-04
  -2.7009636e-04
  -1.9343144e-04
  -1.0261353e-04
  -1.6512980e-05
   5.5434584e-05
   9.4356189e-05
   1.1322743e-04
   1.1676654e-04
   1.2502217e-04
   1.2502217e-04
   1.0968918e-04
   8.7279690e-05
   4.3639844e-05
   0.0000000e+00
  -3.8922464e-05
  -7.5485806e-05
  -1.0261353e-04
  -1.2384302e-04
  -1.3681775e-04
  -1.3445863e-04
  -1.1558739e-04
  -8.3741431e-05
  -4.7178954e-05
  -1.2974731e-05
   2.2409486e-05
   4.7178093e-05
   6.8408452e-05
   7.6664943e-05
   7.7844071e-05
   6.9587580e-05
   5.3075463e-05
   3.5383353e-05
   1.2973867e-05
  -1.2974731e-05
  -3.4204223e-05
  -5.4255451e-05
  -6.7229317e-05
  -8.0203183e-05
  -8.1383175e-05
  -8.1383175e-05
  -7.1946693e-05
  -5.4255451e-05
  -2.8306854e-05
  -4.7182413e-06
   1.5332988e-05
   2.5947735e-05
   3.1845104e-05
   2.8306855e-05
   2.7127727e-05
   2.1230357e-05
   1.0614746e-05
   3.5382488e-06
  -1.1794739e-05
  -2.3589477e-05
  -3.6563344e-05
  -4.8358082e-05
  -5.3075459e-05
  -5.7793700e-05
  -5.6614572e-05
  -4.8358082e-05
  -3.3025095e-05
  -1.2974731e-05
  -2.3591207e-06
   2.3591207e-06
   4.7173769e-06
   9.4356183e-06
   1.5332988e-05
   1.6512116e-05
   1.8871237e-05
   1.2973867e-05
   1.1791281e-06
  -3.5382488e-06
  -1.4153859e-05
  -2.3589477e-05
  -3.3025095e-05
  -3.5384216e-05
  -3.5384216e-05
  -3.5384216e-05
  -2.8306854e-05
  -2.4768605e-05
  -1.7692108e-05
  -1.2974731e-05
  -3.5382488e-06
   0.0000000e+00
   4.7173769e-06
   5.8973695e-06
   3.5382488e-06
  -3.5382488e-06
  -8.2564901e-06
  -1.5332988e-05
  -2.0051229e-05
  -2.7127726e-05
  -3.4204223e-05
  -3.6563344e-05
  -4.2460713e-05
  -4.4819834e-05
  -4.4819834e-05
  -4.4819834e-05
  -4.1281585e-05
  -3.4204223e-05
  -2.4768605e-05
  -1.5332988e-05
  -1.0615611e-05
   0.0000000e+00
