   9.9111342e-04
   1.1820757e-03
   1.4771513e-03
   1.6032827e-03
   1.6771284e-03
   1.7540864e-03
   1.8418416e-03
   1.9066680e-03
   1.9096415e-03
   1.8313621e-03
   1.7538071e-03
   1.7034485e-03
   1.6478347e-03
   1.5985586e-03
   1.5448192e-03
   1.4938579e-03
   1.4810703e-03
   1.4934963e-03
   1.5352692e-03
   1.6242576e-03
   1.7172438e-03
   1.7822325e-03
   1.8199076e-03
   1.8267251e-03
   1.8001363e-03
   1.7537607e-03
   1.6939955e-03
   1.6349160e-03
   1.5898160e-03
   1.5654355e-03
   1.5519298e-03
   1.5550630e-03
   1.5587738e-03
   1.5795217e-03
   1.6252072e-03
   1.6901699e-03
   1.7325255e-03
   1.7548990e-03
   1.7670760e-03
   1.7604720e-03
   1.7393930e-03
   1.7031062e-03
   1.6500134e-03
   1.6086820e-03
   1.5792892e-03
   1.5640812e-03
   1.5680002e-03
   1.5791705e-03
   1.6071431e-03
   1.6430490e-03
   1.6825339e-03
   1.7186057e-03
   1.7350378e-03
   1.7385991e-03
   1.7231406e-03
   1.7007915e-03
   1.6700983e-03
   1.6424644e-03
   1.6013796e-03
   1.5684084e-03
   1.5266878e-03
