   4.4497197e-04
   5.0671841e-04
   4.8183444e-04
   3.1807002e-04
   1.8091001e-04
   1.0871555e-04
   6.6017516e-05
  -1.0347708e-05
  -7.5975500e-05
  -1.1683304e-04
  -1.4885588e-04
  -1.6152705e-04
  -1.4964852e-04
  -1.0758126e-04
  -5.2835701e-05
   1.4307579e-06
   4.6648619e-05
   8.5306923e-05
   1.0872263e-04
   1.1586824e-04
   1.0615804e-04
   8.2704502e-05
   4.7524061e-05
   1.4687912e-05
  -1.8658657e-05
  -4.6617307e-05
  -6.1822061e-05
  -6.2514962e-05
  -5.0970839e-05
  -3.2539608e-05
  -1.4694337e-05
   1.2100890e-06
   1.7259312e-05
   3.3787869e-05
   4.8041250e-05
   5.2401639e-05
   5.8702791e-05
   5.0933398e-05
   3.7996698e-05
   2.0882159e-05
   4.7228256e-07
  -1.6566370e-05
  -2.5873114e-05
  -2.6862536e-05
  -1.8910305e-05
  -5.3875964e-06
   9.1245358e-06
   2.2829747e-05
   3.2357448e-05
   4.0271557e-05
   4.3056775e-05
   3.8841144e-05
   3.1474875e-05
   2.3667374e-05
   1.3333095e-05
   6.3703332e-06
  -1.7269259e-06
  -7.0386695e-06
  -6.2320454e-06
  -6.0114257e-06
   2.3439714e-06
   9.1245358e-06
   1.5904765e-05
   1.9899821e-05
   2.2867579e-05
   2.6421592e-05
   2.3636374e-05
   2.4808337e-05
   1.9237902e-05
   1.1103126e-05
   6.3011964e-06
   1.7201856e-06
  -4.0328343e-06
  -2.8608243e-06
  -2.6402047e-06
   3.2755609e-07
   3.7366012e-06
   7.9144481e-06
   1.3302088e-05
   1.8690026e-05
   1.9716987e-05
   2.0888990e-05
   1.8507191e-05
   1.7883398e-05
   1.4329342e-05
   9.3829939e-06
   3.4093476e-06
  -5.4783177e-07
  -2.9299265e-06
  -2.9677162e-06
   0.0000000e+00
