  -3.7177818e-06
  -8.3530345e-05
  -1.3296432e-04
  -1.6450836e-04
  -1.7215741e-04
  -1.3674929e-04
  -1.0029077e-05
   1.6787614e-04
   3.4336122e-04
   4.7916784e-04
   5.6953546e-04
   5.1984294e-04
   3.1364425e-04
   1.5526662e-04
   8.5598348e-05
   5.0814278e-05
  -3.2879685e-05
  -9.8104839e-05
  -1.1888680e-04
  -1.3980693e-04
  -1.4086524e-04
  -1.2341627e-04
  -8.5853913e-05
  -3.6457699e-05
   9.2213362e-07
   2.7488508e-05
   4.6505813e-05
   6.1565858e-05
   7.0104140e-05
   6.4312983e-05
   4.8187836e-05
   2.3851720e-05
  -6.6408725e-06
  -3.9180908e-05
  -5.6881487e-05
  -6.9301081e-05
  -6.7832902e-05
  -5.8412090e-05
  -4.0308063e-05
  -2.0994189e-05
  -1.3152778e-06
   1.4224225e-05
   2.3789784e-05
   2.8812139e-05
   3.0166910e-05
   2.6316556e-05
   1.5761540e-05
   7.1473607e-06
  -2.4562646e-06
  -1.7774772e-05
  -2.6754294e-05
  -3.3314234e-05
  -3.3314234e-05
  -2.7195573e-05
  -1.8840136e-05
  -3.1559555e-06
   8.0227767e-06
   1.6195677e-05
   2.0228821e-05
   2.0008193e-05
   1.5830344e-05
   9.3084878e-06
  -8.8084033e-07
  -9.0536968e-06
  -1.5393016e-05
  -2.0964865e-05
  -2.1040761e-05
  -2.2615936e-05
  -1.7669582e-05
  -7.0080211e-06
   3.5824234e-07
   7.3591189e-06
   1.4505021e-05
   1.7914064e-05
   1.5935430e-05
   1.0806240e-05
   6.0424327e-06
  -1.1375248e-07
  -9.7861228e-06
  -1.4953140e-05
  -1.9534450e-05
  -2.0341077e-05
  -1.9975695e-05
  -1.4001801e-05
  -8.2869019e-06
  -3.4849732e-06
   4.0637991e-06
   1.0806240e-05
   1.1795705e-05
   1.0806240e-05
   8.2038621e-06
   5.2358064e-06
  -4.7908919e-07
  -6.6355703e-06
  -1.0630876e-05
  -1.1878490e-05
  -1.3012632e-05
  -1.5759768e-05
  -1.2792008e-05
  -7.2215302e-06
  -3.4471437e-06
   1.7198304e-06
   4.2844231e-06
   5.6770534e-06
   5.6770534e-06
   3.9190893e-06
   9.1320260e-07
  -2.8611409e-06
  -6.6355703e-06
  -5.6841863e-06
  -9.0554501e-06
  -9.8242490e-06
  -6.6355703e-06
  -6.0495672e-06
  -3.6677681e-06
  -8.8255065e-07
   2.3058330e-06
   3.3330874e-06
   2.1611273e-06
   1.9404996e-06
   0.0000000e+00
