   4.1000000e-02   9.1100000e-01   6.8100000e-01  -6.6000000e-02   5.9900000e-01   1.2840000e+00  -4.4300000e-01  -3.4600000e-01   3.1490000e+00   1.2220000e+00   1.1850000e+00   8.5400000e-01
   4.2000000e-02   9.0600000e-01   6.7900000e-01  -6.9000000e-02   6.1100000e-01   1.2850000e+00  -4.4000000e-01  -3.4800000e-01   3.1580000e+00   1.2240000e+00   1.1700000e+00   8.4200000e-01
   3.9000000e-02   9.0500000e-01   6.8000000e-01  -6.7000000e-02   6.1500000e-01   1.2820000e+00  -4.4100000e-01  -3.5000000e-01   3.1550000e+00   1.2210000e+00   1.1710000e+00   8.4100000e-01
   3.6000000e-02   9.0400000e-01   6.8300000e-01  -6.8000000e-02   6.1800000e-01   1.2850000e+00  -4.4600000e-01  -3.5400000e-01   3.1380000e+00   1.2090000e+00   1.1820000e+00   8.5100000e-01
   3.4000000e-02   9.0300000e-01   6.8500000e-01  -6.6000000e-02   6.2400000e-01   1.2850000e+00  -4.4600000e-01  -3.5600000e-01   3.1100000e+00   1.1880000e+00   1.1990000e+00   8.7100000e-01
   3.7000000e-02   9.0300000e-01   6.8700000e-01  -6.6000000e-02   6.2700000e-01   1.2890000e+00  -4.4700000e-01  -3.5700000e-01   3.0730000e+00   1.1580000e+00   1.2180000e+00   8.8800000e-01
   3.8000000e-02   9.0300000e-01   6.8700000e-01  -6.5000000e-02   6.3000000e-01   1.2920000e+00  -4.4500000e-01  -3.5600000e-01   3.0250000e+00   1.1180000e+00   1.2260000e+00   8.9700000e-01
   4.2000000e-02   9.0000000e-01   6.8400000e-01  -6.6000000e-02   6.3400000e-01   1.2960000e+00  -4.4500000e-01  -3.5400000e-01   2.9770000e+00   1.0800000e+00   1.2560000e+00   9.2500000e-01
   4.5000000e-02   9.0000000e-01   6.8500000e-01  -6.8000000e-02   6.2400000e-01   1.3030000e+00  -4.4300000e-01  -3.5600000e-01   2.9410000e+00   1.0600000e+00   1.3110000e+00   9.8000000e-01
   4.2000000e-02   8.9800000e-01   6.8400000e-01  -6.7000000e-02   5.7800000e-01   1.3090000e+00  -4.4300000e-01  -3.5500000e-01   2.9130000e+00   1.0440000e+00   1.3460000e+00   1.0100000e+00
   4.0000000e-02   9.0000000e-01   6.8100000e-01  -6.7000000e-02   4.5900000e-01   1.3170000e+00  -4.4300000e-01  -3.5600000e-01   2.9050000e+00   1.0420000e+00   1.3970000e+00   1.0570000e+00
   3.6000000e-02   8.9800000e-01   6.8300000e-01  -6.7000000e-02   2.6800000e-01   1.3270000e+00  -4.4100000e-01  -3.5800000e-01   2.9460000e+00   1.0730000e+00   1.4650000e+00   1.1160000e+00
   3.4000000e-02   8.9500000e-01   6.8100000e-01  -6.7000000e-02   2.3100000e-01   1.3280000e+00  -4.4000000e-01  -3.5900000e-01   2.9900000e+00   1.1040000e+00   1.4540000e+00   1.1020000e+00
   3.5000000e-02   8.9400000e-01   6.8000000e-01  -6.7000000e-02   2.3800000e-01   1.3200000e+00  -4.3800000e-01  -3.5800000e-01   3.0140000e+00   1.1240000e+00   1.4130000e+00   1.0680000e+00
   3.9000000e-02   8.9100000e-01   6.7800000e-01  -6.6000000e-02   2.8600000e-01   1.3160000e+00  -4.3600000e-01  -3.5600000e-01   3.0380000e+00   1.1430000e+00   1.3730000e+00   1.0280000e+00
   4.2000000e-02   8.9000000e-01   6.7900000e-01  -6.6000000e-02   3.4900000e-01   1.3080000e+00  -4.3600000e-01  -3.5600000e-01   3.0560000e+00   1.1550000e+00   1.3260000e+00   9.7700000e-01
   4.6000000e-02   8.9200000e-01   6.8100000e-01  -6.6000000e-02   4.3800000e-01   1.2990000e+00  -4.3600000e-01  -3.5800000e-01   3.0770000e+00   1.1680000e+00   1.2880000e+00   9.3800000e-01
   4.5000000e-02   8.9200000e-01   6.7800000e-01  -6.6000000e-02   5.0400000e-01   1.2930000e+00  -4.3600000e-01  -3.6200000e-01   3.1040000e+00   1.1880000e+00   1.2500000e+00   9.0000000e-01
   4.4000000e-02   8.9300000e-01   6.7900000e-01  -6.6000000e-02   5.4900000e-01   1.2900000e+00  -4.3800000e-01  -3.6200000e-01   3.1310000e+00   1.2060000e+00   1.2170000e+00   8.7500000e-01
   4.2000000e-02   8.9500000e-01   6.7700000e-01  -6.7000000e-02   5.8000000e-01   1.2850000e+00  -4.3600000e-01  -3.6200000e-01   3.1500000e+00   1.2190000e+00   1.1940000e+00   8.6000000e-01
   3.7000000e-02   8.9100000e-01   6.7800000e-01  -6.7000000e-02   5.9300000e-01   1.2830000e+00  -4.3800000e-01  -3.6200000e-01   3.1510000e+00   1.2210000e+00   1.1860000e+00   8.5100000e-01
   3.5000000e-02   8.9200000e-01   6.7700000e-01  -6.7000000e-02   5.9700000e-01   1.2850000e+00  -4.3800000e-01  -3.6000000e-01   3.1470000e+00   1.2120000e+00   1.1900000e+00   8.5900000e-01
   3.9000000e-02   8.9400000e-01   6.7700000e-01  -6.7000000e-02   6.0000000e-01   1.2900000e+00  -4.3800000e-01  -3.5800000e-01   3.1270000e+00   1.2000000e+00   1.2110000e+00   8.7800000e-01
   4.0000000e-02   8.9200000e-01   6.7900000e-01  -6.7000000e-02   6.1000000e-01   1.2940000e+00  -4.3800000e-01  -3.5700000e-01   3.1060000e+00   1.1820000e+00   1.2350000e+00   9.0300000e-01
   4.0000000e-02   8.9000000e-01   6.7900000e-01  -6.7000000e-02   6.1600000e-01   1.2980000e+00  -4.4000000e-01  -3.5600000e-01   3.0860000e+00   1.1650000e+00   1.2650000e+00   9.3400000e-01
   4.4000000e-02   8.9100000e-01   6.7900000e-01  -6.7000000e-02   6.0700000e-01   1.3030000e+00  -4.4100000e-01  -3.5400000e-01   3.0660000e+00   1.1490000e+00   1.3010000e+00   9.6700000e-01
   4.3000000e-02   8.9000000e-01   6.7800000e-01  -6.7000000e-02   5.7400000e-01   1.3050000e+00  -4.3900000e-01  -3.5700000e-01   3.0480000e+00   1.1350000e+00   1.3330000e+00   9.9400000e-01
   4.0000000e-02   8.9100000e-01   6.7700000e-01  -6.7000000e-02   5.2800000e-01   1.3090000e+00  -4.3800000e-01  -3.5700000e-01   3.0360000e+00   1.1290000e+00   1.3560000e+00   1.0180000e+00
   3.8000000e-02   8.9200000e-01   6.7900000e-01  -6.7000000e-02   5.0400000e-01   1.3130000e+00  -4.3900000e-01  -3.6000000e-01   3.0260000e+00   1.1240000e+00   1.3700000e+00   1.0330000e+00
   3.9000000e-02   8.9200000e-01   6.7800000e-01  -6.7000000e-02   5.0200000e-01   1.3130000e+00  -4.3600000e-01  -3.6000000e-01   3.0260000e+00   1.1270000e+00   1.3750000e+00   1.0340000e+00
   3.8000000e-02   8.9200000e-01   6.7800000e-01  -6.6000000e-02   4.9900000e-01   1.3110000e+00  -4.3600000e-01  -3.6000000e-01   3.0280000e+00   1.1330000e+00   1.3730000e+00   1.0280000e+00
   4.0000000e-02   8.9200000e-01   6.7500000e-01  -6.9000000e-02   4.9200000e-01   1.3110000e+00  -4.3700000e-01  -3.5900000e-01   3.0390000e+00   1.1410000e+00   1.3610000e+00   1.0140000e+00
   4.1000000e-02   8.9400000e-01   6.7700000e-01  -6.7000000e-02   4.9000000e-01   1.3090000e+00  -4.4000000e-01  -3.6000000e-01   3.0490000e+00   1.1550000e+00   1.3420000e+00   9.9400000e-01
   4.0000000e-02   8.9400000e-01   6.7800000e-01  -6.9000000e-02   4.8600000e-01   1.3060000e+00  -4.3800000e-01  -3.5800000e-01   3.0650000e+00   1.1670000e+00   1.3190000e+00   9.6900000e-01
   3.7000000e-02   8.9500000e-01   6.7700000e-01  -6.5000000e-02   4.8100000e-01   1.3040000e+00  -4.4300000e-01  -3.5800000e-01   3.0780000e+00   1.1780000e+00   1.2970000e+00   9.4400000e-01
   3.8000000e-02   8.9400000e-01   6.7700000e-01  -6.6000000e-02   4.7900000e-01   1.3010000e+00  -4.4100000e-01  -3.5700000e-01   3.0900000e+00   1.1850000e+00   1.2800000e+00   9.2400000e-01
   3.8000000e-02   8.9400000e-01   6.7900000e-01  -6.7000000e-02   4.8200000e-01   1.2990000e+00  -4.4300000e-01  -3.5600000e-01   3.1000000e+00   1.1910000e+00   1.2640000e+00   9.1000000e-01
   3.9000000e-02   8.9400000e-01   6.7900000e-01  -6.7000000e-02   4.8800000e-01   1.2960000e+00  -4.4200000e-01  -3.5600000e-01   3.1060000e+00   1.1930000e+00   1.2540000e+00   9.0100000e-01
   4.0000000e-02   8.9600000e-01   6.7900000e-01  -6.5000000e-02   4.9500000e-01   1.2930000e+00  -4.4500000e-01  -3.5500000e-01   3.1050000e+00   1.1910000e+00   1.2520000e+00   9.0100000e-01
   4.0000000e-02   8.9400000e-01   6.7900000e-01  -6.6000000e-02   4.9500000e-01   1.2960000e+00  -4.4300000e-01  -3.5300000e-01   3.1040000e+00   1.1870000e+00   1.2540000e+00   9.0900000e-01
   4.2000000e-02   8.9700000e-01   6.7700000e-01  -6.5000000e-02   5.0000000e-01   1.2960000e+00  -4.4100000e-01  -3.5400000e-01   3.0980000e+00   1.1800000e+00   1.2640000e+00   9.2100000e-01
   4.3000000e-02   8.9800000e-01   6.7800000e-01  -6.5000000e-02   5.0000000e-01   1.2980000e+00  -4.4100000e-01  -3.5400000e-01   3.0880000e+00   1.1730000e+00   1.2760000e+00   9.3700000e-01
   4.1000000e-02   8.9600000e-01   6.7800000e-01  -6.7000000e-02   5.0600000e-01   1.3000000e+00  -4.4100000e-01  -3.5200000e-01   3.0790000e+00   1.1650000e+00   1.2910000e+00   9.5200000e-01
   4.2000000e-02   8.9600000e-01   6.7800000e-01  -6.8000000e-02   5.0800000e-01   1.3030000e+00  -4.4000000e-01  -3.5400000e-01   3.0710000e+00   1.1550000e+00   1.3070000e+00   9.7000000e-01
   4.2000000e-02   8.9400000e-01   6.7900000e-01  -6.8000000e-02   5.1200000e-01   1.3040000e+00  -4.4100000e-01  -3.5400000e-01   3.0590000e+00   1.1510000e+00   1.3170000e+00   9.7800000e-01
   4.2000000e-02   8.9400000e-01   6.8000000e-01  -6.6000000e-02   5.1400000e-01   1.3070000e+00  -4.3900000e-01  -3.5600000e-01   3.0560000e+00   1.1460000e+00   1.3270000e+00   9.8700000e-01
   4.0000000e-02   8.9400000e-01   6.7900000e-01  -6.7000000e-02   5.1400000e-01   1.3070000e+00  -4.4000000e-01  -3.5400000e-01   3.0510000e+00   1.1470000e+00   1.3320000e+00   9.9000000e-01
   4.2000000e-02   8.9400000e-01   6.7900000e-01  -6.7000000e-02   5.1200000e-01   1.3090000e+00  -4.4100000e-01  -3.5400000e-01   3.0490000e+00   1.1470000e+00   1.3310000e+00   9.8900000e-01
   4.1000000e-02   8.9800000e-01   6.8000000e-01  -6.9000000e-02   5.1100000e-01   1.3070000e+00  -4.4300000e-01  -3.5400000e-01   3.0530000e+00   1.1510000e+00   1.3300000e+00   9.8300000e-01
   4.2000000e-02   8.9400000e-01   6.7900000e-01  -6.5000000e-02   5.1000000e-01   1.3060000e+00  -4.4100000e-01  -3.5400000e-01   3.0590000e+00   1.1570000e+00   1.3230000e+00   9.7400000e-01
   4.4000000e-02   8.9600000e-01   6.8000000e-01  -6.6000000e-02   5.0600000e-01   1.3070000e+00  -4.4300000e-01  -3.5300000e-01   3.0660000e+00   1.1610000e+00   1.3120000e+00   9.6400000e-01
   4.4000000e-02   8.9700000e-01   6.8000000e-01  -6.5000000e-02   5.0400000e-01   1.3040000e+00  -4.4100000e-01  -3.5400000e-01   3.0710000e+00   1.1700000e+00   1.3030000e+00   9.5100000e-01
   4.2000000e-02   8.9600000e-01   6.8000000e-01  -6.7000000e-02   5.0000000e-01   1.3040000e+00  -4.4000000e-01  -3.5500000e-01   3.0810000e+00   1.1750000e+00   1.2940000e+00   9.4300000e-01
   4.2000000e-02   8.9600000e-01   6.8100000e-01  -6.6000000e-02   4.9800000e-01   1.3010000e+00  -4.4100000e-01  -3.5500000e-01   3.0850000e+00   1.1780000e+00   1.2850000e+00   9.3400000e-01
   4.2000000e-02   8.9400000e-01   6.7700000e-01  -6.5000000e-02   4.9600000e-01   1.2980000e+00  -4.4100000e-01  -3.5500000e-01   3.0890000e+00   1.1800000e+00   1.2760000e+00   9.2900000e-01
   4.2000000e-02   8.9600000e-01   6.8000000e-01  -6.8000000e-02   4.9400000e-01   1.3000000e+00  -4.4100000e-01  -3.5400000e-01   3.0920000e+00   1.1800000e+00   1.2710000e+00   9.2500000e-01
   4.0000000e-02   8.9500000e-01   6.8100000e-01  -6.7000000e-02   4.9700000e-01   1.2990000e+00  -4.4100000e-01  -3.5500000e-01   3.0920000e+00   1.1790000e+00   1.2720000e+00   9.2700000e-01
   4.4000000e-02   8.9700000e-01   6.7900000e-01  -6.5000000e-02   4.9900000e-01   1.3000000e+00  -4.4000000e-01  -3.5400000e-01   3.0920000e+00   1.1770000e+00   1.2730000e+00   9.3100000e-01
   4.1000000e-02   8.9600000e-01   6.8100000e-01  -6.7000000e-02   5.0000000e-01   1.2990000e+00  -4.4400000e-01  -3.5400000e-01   3.0840000e+00   1.1720000e+00   1.2760000e+00   9.3700000e-01
   3.9000000e-02   8.9600000e-01   6.8000000e-01  -6.7000000e-02   5.0200000e-01   1.3010000e+00  -4.4300000e-01  -3.5500000e-01   3.0830000e+00   1.1670000e+00   1.2850000e+00   9.4700000e-01
   4.0000000e-02   8.9800000e-01   6.8200000e-01  -6.5000000e-02   5.0500000e-01   1.3030000e+00  -4.4300000e-01  -3.5400000e-01   3.0750000e+00   1.1610000e+00   1.2930000e+00   9.5400000e-01
   4.0000000e-02   8.9400000e-01   6.8000000e-01  -6.7000000e-02   5.0600000e-01   1.3030000e+00  -4.4100000e-01  -3.5400000e-01   3.0690000e+00   1.1590000e+00   1.3010000e+00   9.6400000e-01
   3.8000000e-02   8.9800000e-01   6.8100000e-01  -6.7000000e-02   5.0900000e-01   1.3040000e+00  -4.4300000e-01  -3.5400000e-01   3.0650000e+00   1.1550000e+00   1.3090000e+00   9.6900000e-01
   4.0000000e-02   8.9500000e-01   6.8100000e-01  -6.9000000e-02   5.0900000e-01   1.3050000e+00  -4.4200000e-01  -3.5300000e-01   3.0620000e+00   1.1540000e+00   1.3150000e+00   9.7600000e-01
   4.1000000e-02   8.9700000e-01   6.8100000e-01  -6.7000000e-02   5.1100000e-01   1.3050000e+00  -4.4300000e-01  -3.5400000e-01   3.0600000e+00   1.1550000e+00   1.3160000e+00   9.7600000e-01
   4.2000000e-02   8.9500000e-01   6.8000000e-01  -6.5000000e-02   5.1100000e-01   1.3050000e+00  -4.4100000e-01  -3.5500000e-01   3.0620000e+00   1.1570000e+00   1.3180000e+00   9.7800000e-01
   4.1000000e-02   8.9600000e-01   6.8100000e-01  -6.8000000e-02   5.1000000e-01   1.3070000e+00  -4.4400000e-01  -3.5400000e-01   3.0630000e+00   1.1570000e+00   1.3170000e+00   9.7200000e-01
   4.1000000e-02   8.9600000e-01   6.8100000e-01  -6.8000000e-02   5.0800000e-01   1.3060000e+00  -4.4300000e-01  -3.5500000e-01   3.0660000e+00   1.1630000e+00   1.3120000e+00   9.6800000e-01
   4.0000000e-02   8.9700000e-01   6.8100000e-01  -6.7000000e-02   5.0500000e-01   1.3070000e+00  -4.4300000e-01  -3.5200000e-01   3.0720000e+00   1.1640000e+00   1.3030000e+00   9.6300000e-01
   4.0000000e-02   8.9500000e-01   6.8100000e-01  -6.5000000e-02   5.0500000e-01   1.3030000e+00  -4.4400000e-01  -3.5500000e-01   3.0730000e+00   1.1680000e+00   1.2970000e+00   9.5200000e-01
   4.1000000e-02   8.9800000e-01   6.8100000e-01  -6.6000000e-02   4.9900000e-01   1.3020000e+00  -4.4500000e-01  -3.5300000e-01   3.0790000e+00   1.1710000e+00   1.2910000e+00   9.4600000e-01
   4.0000000e-02   8.9800000e-01   6.8100000e-01  -6.8000000e-02   5.0100000e-01   1.3020000e+00  -4.4500000e-01  -3.5600000e-01   3.0820000e+00   1.1730000e+00   1.2850000e+00   9.4300000e-01
   4.3000000e-02   8.9600000e-01   6.8300000e-01  -6.7000000e-02   5.0000000e-01   1.3010000e+00  -4.4300000e-01  -3.5400000e-01   3.0850000e+00   1.1730000e+00   1.2790000e+00   9.3800000e-01
   4.3000000e-02   8.9800000e-01   6.8300000e-01  -6.8000000e-02   4.9900000e-01   1.3000000e+00  -4.4500000e-01  -3.5200000e-01   3.0870000e+00   1.1750000e+00   1.2770000e+00   9.3700000e-01
   4.3000000e-02   8.9700000e-01   6.8200000e-01  -6.7000000e-02   4.9900000e-01   1.2990000e+00  -4.4400000e-01  -3.5400000e-01   3.0860000e+00   1.1730000e+00   1.2780000e+00   9.3900000e-01
   4.2000000e-02   8.9400000e-01   6.8100000e-01  -6.9000000e-02   4.9900000e-01   1.3010000e+00  -4.4300000e-01  -3.5400000e-01   3.0840000e+00   1.1700000e+00   1.2820000e+00   9.4000000e-01
   4.2000000e-02   8.9600000e-01   6.8200000e-01  -6.7000000e-02   5.0000000e-01   1.3020000e+00  -4.4500000e-01  -3.5400000e-01   3.0820000e+00   1.1680000e+00   1.2850000e+00   9.4700000e-01
   4.2000000e-02   8.9800000e-01   6.8300000e-01  -6.6000000e-02   5.0200000e-01   1.3000000e+00  -4.4300000e-01  -3.5300000e-01   3.0790000e+00   1.1660000e+00   1.2890000e+00   9.5100000e-01
   4.6000000e-02   8.9800000e-01   6.8300000e-01  -6.7000000e-02   5.0600000e-01   1.3020000e+00  -4.4400000e-01  -3.5200000e-01   3.0750000e+00   1.1630000e+00   1.2950000e+00   9.5900000e-01
   4.2000000e-02   8.9600000e-01   6.8300000e-01  -6.8000000e-02   5.0600000e-01   1.3030000e+00  -4.4500000e-01  -3.5400000e-01   3.0710000e+00   1.1610000e+00   1.2990000e+00   9.6200000e-01
   4.4000000e-02   8.9900000e-01   6.8200000e-01  -6.7000000e-02   5.0800000e-01   1.3030000e+00  -4.4400000e-01  -3.5400000e-01   3.0690000e+00   1.1610000e+00   1.3010000e+00   9.6400000e-01
   4.3000000e-02   8.9700000e-01   6.8300000e-01  -6.5000000e-02   5.0800000e-01   1.3050000e+00  -4.4400000e-01  -3.5300000e-01   3.0670000e+00   1.1570000e+00   1.3050000e+00   9.6800000e-01
   4.4000000e-02   8.9900000e-01   6.8400000e-01  -6.7000000e-02   5.0800000e-01   1.3030000e+00  -4.4200000e-01  -3.5400000e-01   3.0660000e+00   1.1580000e+00   1.3070000e+00   9.6900000e-01
   4.2000000e-02   8.9800000e-01   6.8300000e-01  -6.6000000e-02   5.0600000e-01   1.3030000e+00  -4.4300000e-01  -3.5400000e-01   3.0670000e+00   1.1600000e+00   1.3050000e+00   9.6600000e-01
   4.4000000e-02   8.9800000e-01   6.8300000e-01  -6.7000000e-02   5.0700000e-01   1.3050000e+00  -4.4400000e-01  -3.5500000e-01   3.0700000e+00   1.1620000e+00   1.3020000e+00   9.6100000e-01
   4.0000000e-02   9.0000000e-01   6.8500000e-01  -6.7000000e-02   5.0400000e-01   1.3030000e+00  -4.4600000e-01  -3.5400000e-01   3.0730000e+00   1.1630000e+00   1.2990000e+00   9.6200000e-01
   4.3000000e-02   9.0000000e-01   6.8300000e-01  -6.7000000e-02   5.0400000e-01   1.3020000e+00  -4.4500000e-01  -3.5200000e-01   3.0750000e+00   1.1670000e+00   1.2950000e+00   9.5400000e-01
   3.9000000e-02   9.0200000e-01   6.8300000e-01  -6.7000000e-02   5.0300000e-01   1.3030000e+00  -4.4700000e-01  -3.5400000e-01   3.0770000e+00   1.1690000e+00   1.2910000e+00   9.5100000e-01
   3.6000000e-02   9.0400000e-01   6.8200000e-01  -6.7000000e-02   5.0100000e-01   1.3030000e+00  -4.4800000e-01  -3.5400000e-01   3.0780000e+00   1.1690000e+00   1.2880000e+00   9.4800000e-01
   3.3000000e-02   9.0400000e-01   6.8400000e-01  -6.7000000e-02   5.0200000e-01   1.3020000e+00  -4.4900000e-01  -3.5300000e-01   3.0820000e+00   1.1700000e+00   1.2830000e+00   9.4300000e-01
   2.9000000e-02   9.0600000e-01   6.8100000e-01  -6.6000000e-02   4.9900000e-01   1.3020000e+00  -4.4900000e-01  -3.5800000e-01   3.0840000e+00   1.1700000e+00   1.2800000e+00   9.4400000e-01
