   1.5000000e-02   9.0500000e-01   6.8400000e-01  -6.5000000e-02   4.9200000e-01   1.2910000e+00  -4.5600000e-01  -3.6300000e-01   3.0640000e+00   1.1200000e+00   1.3360000e+00   1.0730000e+00
   1.3000000e-02   9.0500000e-01   6.8500000e-01  -6.7000000e-02   4.9200000e-01   1.2930000e+00  -4.5600000e-01  -3.6500000e-01   3.0860000e+00   1.1740000e+00   1.3420000e+00   1.0690000e+00
   1.8000000e-02   9.0700000e-01   6.8500000e-01  -6.6000000e-02   4.8600000e-01   1.2990000e+00  -4.5500000e-01  -3.6700000e-01   3.1170000e+00   1.2430000e+00   1.3370000e+00   1.0480000e+00
   2.2000000e-02   9.0900000e-01   6.8400000e-01  -6.6000000e-02   4.8000000e-01   1.3020000e+00  -4.5100000e-01  -3.6500000e-01   3.1470000e+00   1.3090000e+00   1.3130000e+00   9.9300000e-01
   2.7000000e-02   9.0800000e-01   6.8500000e-01  -6.7000000e-02   4.7700000e-01   1.3020000e+00  -4.5100000e-01  -3.6500000e-01   3.1700000e+00   1.3600000e+00   1.2860000e+00   9.3600000e-01
   3.5000000e-02   9.0700000e-01   6.8300000e-01  -6.5000000e-02   5.3100000e-01   1.3030000e+00  -4.4600000e-01  -3.6300000e-01   3.1880000e+00   1.3930000e+00   1.2510000e+00   8.6800000e-01
   3.5000000e-02   9.0800000e-01   6.8300000e-01  -6.7000000e-02   5.9600000e-01   1.3030000e+00  -4.4500000e-01  -3.5900000e-01   3.1890000e+00   1.3910000e+00   1.2080000e+00   7.8900000e-01
   3.9000000e-02   9.0500000e-01   6.8400000e-01  -6.8000000e-02   6.6200000e-01   1.3030000e+00  -4.4300000e-01  -3.5500000e-01   3.1660000e+00   1.3350000e+00   1.1710000e+00   7.2000000e-01
   3.4000000e-02   9.0300000e-01   6.8300000e-01  -6.7000000e-02   6.6800000e-01   1.2990000e+00  -4.4200000e-01  -3.5400000e-01   3.1480000e+00   1.2930000e+00   1.1820000e+00   7.4100000e-01
   3.2000000e-02   9.0300000e-01   6.8200000e-01  -6.5000000e-02   6.7400000e-01   1.3000000e+00  -4.4100000e-01  -3.5600000e-01   3.1340000e+00   1.2640000e+00   1.2050000e+00   7.8800000e-01
   3.2000000e-02   9.0400000e-01   6.8100000e-01  -6.6000000e-02   6.8100000e-01   1.2970000e+00  -4.4000000e-01  -3.5400000e-01   3.1210000e+00   1.2310000e+00   1.2310000e+00   8.4300000e-01
   3.2000000e-02   9.0400000e-01   6.7900000e-01  -6.6000000e-02   6.8100000e-01   1.2950000e+00  -4.4000000e-01  -3.5300000e-01   3.1040000e+00   1.1960000e+00   1.2620000e+00   9.0900000e-01
   3.4000000e-02   9.0300000e-01   6.7900000e-01  -6.5000000e-02   6.6400000e-01   1.2910000e+00  -4.4000000e-01  -3.5600000e-01   3.0880000e+00   1.1540000e+00   1.2880000e+00   9.6800000e-01
   3.6000000e-02   8.9800000e-01   6.7800000e-01  -6.6000000e-02   6.2600000e-01   1.2930000e+00  -4.4300000e-01  -3.5600000e-01   3.0710000e+00   1.1100000e+00   1.3090000e+00   1.0210000e+00
   3.6000000e-02   8.9900000e-01   6.8200000e-01  -6.5000000e-02   5.7000000e-01   1.2900000e+00  -4.4200000e-01  -3.6000000e-01   3.0580000e+00   1.0810000e+00   1.3210000e+00   1.0570000e+00
   3.6000000e-02   8.9500000e-01   6.8300000e-01  -6.6000000e-02   5.2900000e-01   1.2900000e+00  -4.4200000e-01  -3.6000000e-01   3.0530000e+00   1.0670000e+00   1.3260000e+00   1.0790000e+00
   3.6000000e-02   8.9400000e-01   6.8200000e-01  -6.7000000e-02   5.2300000e-01   1.2920000e+00  -4.4300000e-01  -3.5900000e-01   3.0530000e+00   1.0710000e+00   1.3280000e+00   1.0880000e+00
   3.5000000e-02   8.9600000e-01   6.8200000e-01  -6.7000000e-02   5.2000000e-01   1.2950000e+00  -4.4200000e-01  -3.5900000e-01   3.0600000e+00   1.0850000e+00   1.3270000e+00   1.0790000e+00
   3.7000000e-02   8.9600000e-01   6.8300000e-01  -6.7000000e-02   5.1600000e-01   1.2960000e+00  -4.4000000e-01  -3.5700000e-01   3.0690000e+00   1.1100000e+00   1.3220000e+00   1.0550000e+00
   3.5000000e-02   8.9600000e-01   6.8200000e-01  -6.7000000e-02   5.0900000e-01   1.2990000e+00  -4.4000000e-01  -3.5900000e-01   3.0760000e+00   1.1360000e+00   1.3110000e+00   1.0230000e+00
   3.7000000e-02   8.9700000e-01   6.8100000e-01  -6.7000000e-02   5.0600000e-01   1.2990000e+00  -4.3800000e-01  -3.6000000e-01   3.0850000e+00   1.1650000e+00   1.3020000e+00   9.8100000e-01
   4.1000000e-02   8.9400000e-01   6.7900000e-01  -6.5000000e-02   5.0200000e-01   1.3020000e+00  -4.3900000e-01  -3.5500000e-01   3.0920000e+00   1.1900000e+00   1.2870000e+00   9.4000000e-01
   4.1000000e-02   8.9300000e-01   6.7700000e-01  -6.6000000e-02   5.0600000e-01   1.3030000e+00  -4.3800000e-01  -3.5600000e-01   3.0980000e+00   1.2130000e+00   1.2770000e+00   9.0300000e-01
   4.0000000e-02   8.9000000e-01   6.7600000e-01  -6.5000000e-02   5.1200000e-01   1.3030000e+00  -4.3600000e-01  -3.5700000e-01   3.1030000e+00   1.2290000e+00   1.2650000e+00   8.7300000e-01
   3.8000000e-02   8.9000000e-01   6.7500000e-01  -6.7000000e-02   5.1900000e-01   1.3030000e+00  -4.3800000e-01  -3.5800000e-01   3.1070000e+00   1.2360000e+00   1.2610000e+00   8.5900000e-01
   3.6000000e-02   8.9200000e-01   6.7800000e-01  -6.5000000e-02   5.1700000e-01   1.3050000e+00  -4.4000000e-01  -3.5800000e-01   3.1080000e+00   1.2380000e+00   1.2580000e+00   8.5600000e-01
   3.6000000e-02   8.9400000e-01   6.7900000e-01  -6.5000000e-02   5.2300000e-01   1.3020000e+00  -4.4200000e-01  -3.6100000e-01   3.1060000e+00   1.2280000e+00   1.2610000e+00   8.6600000e-01
   3.6000000e-02   8.9700000e-01   6.8200000e-01  -6.6000000e-02   5.2600000e-01   1.3010000e+00  -4.4400000e-01  -3.6100000e-01   3.1020000e+00   1.2120000e+00   1.2670000e+00   8.8600000e-01
   3.6000000e-02   8.9400000e-01   6.8400000e-01  -6.5000000e-02   5.2900000e-01   1.3000000e+00  -4.4300000e-01  -3.6100000e-01   3.0950000e+00   1.1910000e+00   1.2750000e+00   9.1200000e-01
   3.6000000e-02   8.9600000e-01   6.8300000e-01  -6.5000000e-02   5.3200000e-01   1.2980000e+00  -4.4100000e-01  -3.6200000e-01   3.0890000e+00   1.1690000e+00   1.2830000e+00   9.4500000e-01
   3.7000000e-02   8.9300000e-01   6.8300000e-01  -6.8000000e-02   5.3700000e-01   1.2970000e+00  -4.4200000e-01  -3.6000000e-01   3.0830000e+00   1.1490000e+00   1.2890000e+00   9.7200000e-01
   3.8000000e-02   8.9300000e-01   6.8300000e-01  -6.6000000e-02   5.3900000e-01   1.2970000e+00  -4.4300000e-01  -3.6100000e-01   3.0780000e+00   1.1330000e+00   1.3000000e+00   9.9400000e-01
   3.8000000e-02   8.9200000e-01   6.8100000e-01  -6.5000000e-02   5.3900000e-01   1.2970000e+00  -4.4300000e-01  -3.5800000e-01   3.0720000e+00   1.1250000e+00   1.3040000e+00   1.0110000e+00
   3.8000000e-02   8.9200000e-01   6.8100000e-01  -6.7000000e-02   5.4100000e-01   1.2970000e+00  -4.4200000e-01  -3.5600000e-01   3.0700000e+00   1.1220000e+00   1.3110000e+00   1.0180000e+00
   4.0000000e-02   8.9300000e-01   6.7900000e-01  -6.6000000e-02   5.4000000e-01   1.2970000e+00  -4.4100000e-01  -3.5600000e-01   3.0700000e+00   1.1250000e+00   1.3150000e+00   1.0170000e+00
   4.0000000e-02   8.9400000e-01   6.7900000e-01  -6.4000000e-02   5.4100000e-01   1.2990000e+00  -4.4000000e-01  -3.5800000e-01   3.0690000e+00   1.1300000e+00   1.3140000e+00   1.0090000e+00
   3.9000000e-02   8.9400000e-01   6.8000000e-01  -6.5000000e-02   5.3800000e-01   1.3010000e+00  -4.4200000e-01  -3.5800000e-01   3.0710000e+00   1.1410000e+00   1.3140000e+00   9.9500000e-01
   3.9000000e-02   8.9600000e-01   6.8200000e-01  -6.7000000e-02   5.3500000e-01   1.3010000e+00  -4.4200000e-01  -3.5600000e-01   3.0740000e+00   1.1530000e+00   1.3120000e+00   9.7700000e-01
   3.6000000e-02   8.9500000e-01   6.8100000e-01  -6.7000000e-02   5.3300000e-01   1.3030000e+00  -4.4300000e-01  -3.5700000e-01   3.0770000e+00   1.1680000e+00   1.3080000e+00   9.5800000e-01
   3.8000000e-02   8.9500000e-01   6.8300000e-01  -6.7000000e-02   5.3100000e-01   1.3030000e+00  -4.4500000e-01  -3.6000000e-01   3.0800000e+00   1.1800000e+00   1.3010000e+00   9.4000000e-01
   3.8000000e-02   8.9500000e-01   6.8300000e-01  -6.6000000e-02   5.2700000e-01   1.3050000e+00  -4.4400000e-01  -3.5800000e-01   3.0860000e+00   1.1920000e+00   1.2930000e+00   9.2700000e-01
   4.1000000e-02   8.9500000e-01   6.8500000e-01  -6.5000000e-02   5.2900000e-01   1.3080000e+00  -4.4400000e-01  -3.5800000e-01   3.0880000e+00   1.2020000e+00   1.2880000e+00   9.1600000e-01
   3.8000000e-02   8.9500000e-01   6.8200000e-01  -6.6000000e-02   5.2400000e-01   1.3070000e+00  -4.4500000e-01  -3.5700000e-01   3.0910000e+00   1.2020000e+00   1.2810000e+00   9.1000000e-01
   3.8000000e-02   8.9500000e-01   6.8300000e-01  -6.5000000e-02   5.2600000e-01   1.3050000e+00  -4.4400000e-01  -3.5800000e-01   3.0900000e+00   1.2010000e+00   1.2800000e+00   9.1300000e-01
   3.8000000e-02   8.9700000e-01   6.8100000e-01  -6.4000000e-02   5.2600000e-01   1.3060000e+00  -4.4500000e-01  -3.5700000e-01   3.0900000e+00   1.1940000e+00   1.2800000e+00   9.1900000e-01
   4.0000000e-02   8.9700000e-01   6.8100000e-01  -6.7000000e-02   5.2800000e-01   1.3030000e+00  -4.4600000e-01  -3.5500000e-01   3.0900000e+00   1.1840000e+00   1.2810000e+00   9.2800000e-01
   4.1000000e-02   8.9600000e-01   6.8100000e-01  -6.7000000e-02   5.3200000e-01   1.3010000e+00  -4.4400000e-01  -3.5500000e-01   3.0880000e+00   1.1720000e+00   1.2850000e+00   9.4000000e-01
   4.0000000e-02   8.9700000e-01   6.8000000e-01  -6.7000000e-02   5.3200000e-01   1.2980000e+00  -4.4300000e-01  -3.5500000e-01   3.0860000e+00   1.1610000e+00   1.2880000e+00   9.5300000e-01
   4.2000000e-02   8.9600000e-01   6.8100000e-01  -6.7000000e-02   5.3400000e-01   1.2970000e+00  -4.4300000e-01  -3.5400000e-01   3.0820000e+00   1.1520000e+00   1.2930000e+00   9.6800000e-01
   3.8000000e-02   8.9400000e-01   6.8100000e-01  -6.5000000e-02   5.3500000e-01   1.2960000e+00  -4.4300000e-01  -3.5400000e-01   3.0800000e+00   1.1430000e+00   1.2980000e+00   9.8000000e-01
   4.0000000e-02   8.9500000e-01   6.8300000e-01  -6.6000000e-02   5.3700000e-01   1.2990000e+00  -4.4300000e-01  -3.5500000e-01   3.0770000e+00   1.1400000e+00   1.3010000e+00   9.8800000e-01
   4.1000000e-02   8.9500000e-01   6.8300000e-01  -6.5000000e-02   5.3600000e-01   1.2970000e+00  -4.4300000e-01  -3.5300000e-01   3.0770000e+00   1.1410000e+00   1.3040000e+00   9.9100000e-01
   3.9000000e-02   8.9500000e-01   6.8300000e-01  -6.6000000e-02   5.3900000e-01   1.2980000e+00  -4.4400000e-01  -3.5400000e-01   3.0750000e+00   1.1410000e+00   1.3070000e+00   9.9100000e-01
   4.1000000e-02   8.9400000e-01   6.8300000e-01  -6.6000000e-02   5.3800000e-01   1.3010000e+00  -4.4500000e-01  -3.5500000e-01   3.0730000e+00   1.1470000e+00   1.3060000e+00   9.8500000e-01
   4.0000000e-02   8.9600000e-01   6.8100000e-01  -6.6000000e-02   5.3500000e-01   1.3010000e+00  -4.4300000e-01  -3.5500000e-01   3.0750000e+00   1.1540000e+00   1.3050000e+00   9.7600000e-01
   4.0000000e-02   8.9500000e-01   6.8200000e-01  -6.7000000e-02   5.3700000e-01   1.3030000e+00  -4.4300000e-01  -3.5500000e-01   3.0760000e+00   1.1650000e+00   1.3040000e+00   9.6600000e-01
   4.1000000e-02   8.9400000e-01   6.8100000e-01  -6.6000000e-02   5.3300000e-01   1.3050000e+00  -4.4100000e-01  -3.5500000e-01   3.0800000e+00   1.1720000e+00   1.3010000e+00   9.5400000e-01
   4.2000000e-02   8.9700000e-01   6.8000000e-01  -6.7000000e-02   5.3100000e-01   1.3060000e+00  -4.4200000e-01  -3.5100000e-01   3.0810000e+00   1.1800000e+00   1.2990000e+00   9.4500000e-01
   4.2000000e-02   8.9600000e-01   6.8000000e-01  -6.8000000e-02   5.3200000e-01   1.3030000e+00  -4.4300000e-01  -3.5400000e-01   3.0820000e+00   1.1870000e+00   1.2960000e+00   9.3500000e-01
   4.0000000e-02   8.9600000e-01   6.8100000e-01  -6.5000000e-02   5.3100000e-01   1.3070000e+00  -4.4300000e-01  -3.5200000e-01   3.0840000e+00   1.1880000e+00   1.2910000e+00   9.2900000e-01
   4.4000000e-02   8.9300000e-01   6.8300000e-01  -6.5000000e-02   5.2900000e-01   1.3050000e+00  -4.4300000e-01  -3.5200000e-01   3.0860000e+00   1.1870000e+00   1.2900000e+00   9.2600000e-01
   4.2000000e-02   8.9600000e-01   6.8300000e-01  -6.7000000e-02   5.3000000e-01   1.3050000e+00  -4.4400000e-01  -3.5200000e-01   3.0870000e+00   1.1840000e+00   1.2890000e+00   9.2900000e-01
   4.1000000e-02   8.9600000e-01   6.8100000e-01  -6.7000000e-02   5.2900000e-01   1.3030000e+00  -4.4300000e-01  -3.5100000e-01   3.0850000e+00   1.1810000e+00   1.2850000e+00   9.3400000e-01
   4.2000000e-02   8.9400000e-01   6.8200000e-01  -6.6000000e-02   5.2900000e-01   1.3010000e+00  -4.4100000e-01  -3.5100000e-01   3.0870000e+00   1.1740000e+00   1.2880000e+00   9.4100000e-01
   4.2000000e-02   8.9600000e-01   6.8100000e-01  -6.5000000e-02   5.3300000e-01   1.3030000e+00  -4.4100000e-01  -3.5200000e-01   3.0860000e+00   1.1690000e+00   1.2900000e+00   9.5200000e-01
   4.4000000e-02   8.9500000e-01   6.8200000e-01  -6.8000000e-02   5.3100000e-01   1.3000000e+00  -4.4100000e-01  -3.5100000e-01   3.0820000e+00   1.1620000e+00   1.2900000e+00   9.6000000e-01
   4.2000000e-02   8.9500000e-01   6.8100000e-01  -6.5000000e-02   5.3400000e-01   1.3010000e+00  -4.4200000e-01  -3.5200000e-01   3.0820000e+00   1.1560000e+00   1.2930000e+00   9.6800000e-01
   4.2000000e-02   8.9600000e-01   6.8100000e-01  -6.5000000e-02   5.3500000e-01   1.3010000e+00  -4.4200000e-01  -3.5000000e-01   3.0800000e+00   1.1530000e+00   1.2950000e+00   9.7200000e-01
   4.5000000e-02   8.9600000e-01   6.8100000e-01  -6.6000000e-02   5.3500000e-01   1.2990000e+00  -4.4100000e-01  -3.5300000e-01   3.0790000e+00   1.1510000e+00   1.2980000e+00   9.7500000e-01
   4.6000000e-02   8.9500000e-01   6.8100000e-01  -6.5000000e-02   5.3500000e-01   1.3010000e+00  -4.4100000e-01  -3.5200000e-01   3.0780000e+00   1.1520000e+00   1.2990000e+00   9.7700000e-01
   4.5000000e-02   8.9400000e-01   6.8100000e-01  -6.6000000e-02   5.3500000e-01   1.3010000e+00  -4.4000000e-01  -3.5000000e-01   3.0780000e+00   1.1560000e+00   1.3010000e+00   9.7400000e-01
   4.5000000e-02   8.9400000e-01   6.8100000e-01  -6.7000000e-02   5.3500000e-01   1.3050000e+00  -4.4000000e-01  -3.4900000e-01   3.0770000e+00   1.1570000e+00   1.3020000e+00   9.7000000e-01
   4.3000000e-02   8.9400000e-01   6.7900000e-01  -6.7000000e-02   5.3400000e-01   1.3030000e+00  -4.4100000e-01  -3.4900000e-01   3.0770000e+00   1.1650000e+00   1.3000000e+00   9.6100000e-01
   4.2000000e-02   8.9600000e-01   6.8000000e-01  -6.6000000e-02   5.3400000e-01   1.3040000e+00  -4.4100000e-01  -3.4800000e-01   3.0780000e+00   1.1680000e+00   1.2990000e+00   9.5600000e-01
   4.4000000e-02   8.9400000e-01   6.8100000e-01  -6.7000000e-02   5.3500000e-01   1.3050000e+00  -4.3800000e-01  -3.4900000e-01   3.0780000e+00   1.1740000e+00   1.2990000e+00   9.4800000e-01
   4.3000000e-02   8.9400000e-01   6.8100000e-01  -6.7000000e-02   5.3300000e-01   1.3050000e+00  -4.4000000e-01  -3.5000000e-01   3.0800000e+00   1.1750000e+00   1.2970000e+00   9.4300000e-01
   4.4000000e-02   8.9300000e-01   6.7900000e-01  -6.7000000e-02   5.3300000e-01   1.3050000e+00  -4.3900000e-01  -3.5000000e-01   3.0820000e+00   1.1810000e+00   1.2970000e+00   9.3800000e-01
   4.6000000e-02   8.9400000e-01   6.8100000e-01  -6.7000000e-02   5.3100000e-01   1.3050000e+00  -4.4000000e-01  -3.4900000e-01   3.0820000e+00   1.1820000e+00   1.2920000e+00   9.3700000e-01
   4.7000000e-02   8.9400000e-01   6.8100000e-01  -6.5000000e-02   5.3200000e-01   1.3040000e+00  -4.4000000e-01  -3.4800000e-01   3.0830000e+00   1.1810000e+00   1.2930000e+00   9.3800000e-01
   4.6000000e-02   8.9200000e-01   6.7900000e-01  -6.6000000e-02   5.2900000e-01   1.3040000e+00  -4.4000000e-01  -3.4800000e-01   3.0830000e+00   1.1800000e+00   1.2930000e+00   9.3900000e-01
   4.6000000e-02   8.9400000e-01   6.8100000e-01  -6.6000000e-02   5.3100000e-01   1.3030000e+00  -4.4000000e-01  -3.5000000e-01   3.0840000e+00   1.1720000e+00   1.2910000e+00   9.4400000e-01
   4.1000000e-02   8.9500000e-01   6.7900000e-01  -6.7000000e-02   5.3200000e-01   1.3020000e+00  -4.3800000e-01  -3.4900000e-01   3.0840000e+00   1.1680000e+00   1.2910000e+00   9.5100000e-01
   4.4000000e-02   8.9600000e-01   6.7700000e-01  -6.7000000e-02   5.3200000e-01   1.3010000e+00  -4.3800000e-01  -3.4900000e-01   3.0840000e+00   1.1670000e+00   1.2930000e+00   9.5600000e-01
   4.4000000e-02   8.9600000e-01   6.7800000e-01  -6.5000000e-02   5.3200000e-01   1.3010000e+00  -4.3800000e-01  -3.5000000e-01   3.0830000e+00   1.1620000e+00   1.2930000e+00   9.6100000e-01
   4.6000000e-02   8.9400000e-01   6.7900000e-01  -6.7000000e-02   5.3200000e-01   1.3010000e+00  -4.3800000e-01  -3.5000000e-01   3.0800000e+00   1.1590000e+00   1.2930000e+00   9.6500000e-01
   4.2000000e-02   8.9400000e-01   6.7900000e-01  -6.6000000e-02   5.3300000e-01   1.3040000e+00  -4.3800000e-01  -3.4800000e-01   3.0790000e+00   1.1560000e+00   1.2960000e+00   9.6900000e-01
   4.4000000e-02   8.9300000e-01   6.7900000e-01  -6.8000000e-02   5.3300000e-01   1.3030000e+00  -4.3700000e-01  -3.5000000e-01   3.0790000e+00   1.1580000e+00   1.2970000e+00   9.6900000e-01
   4.2000000e-02   8.9300000e-01   6.8100000e-01  -6.5000000e-02   5.3400000e-01   1.3020000e+00  -4.4000000e-01  -3.4900000e-01   3.0770000e+00   1.1600000e+00   1.2990000e+00   9.6800000e-01
   4.6000000e-02   8.9100000e-01   6.8100000e-01  -6.4000000e-02   5.3300000e-01   1.3030000e+00  -4.3800000e-01  -3.5000000e-01   3.0780000e+00   1.1610000e+00   1.3010000e+00   9.6600000e-01
   4.4000000e-02   8.9200000e-01   6.7900000e-01  -6.7000000e-02   5.3400000e-01   1.3050000e+00  -4.3600000e-01  -3.5200000e-01   3.0760000e+00   1.1640000e+00   1.3010000e+00   9.6000000e-01
   4.5000000e-02   8.9200000e-01   6.8100000e-01  -6.6000000e-02   5.3500000e-01   1.3050000e+00  -4.3800000e-01  -3.5000000e-01   3.0780000e+00   1.1660000e+00   1.3000000e+00   9.5800000e-01
