   9.2225011e-04
   9.1332634e-04
   5.7062161e-04
   2.2013104e-04
   6.7242075e-05
   3.5154885e-05
  -2.2341269e-04
  -4.6465971e-04
  -5.4369215e-04
  -4.1946721e-04
  -2.9976871e-04
  -2.1563044e-04
  -4.4000446e-05
   2.5397952e-04
   3.9637015e-04
   3.9963751e-04
   3.4195193e-04
   2.7403755e-04
   1.3219657e-04
  -9.1408465e-05
  -2.6474853e-04
  -3.2640827e-04
  -3.3720217e-04
  -3.5173004e-04
  -2.6198390e-04
  -9.0078122e-05
   6.4296525e-05
   1.7476651e-04
   2.6307166e-04
   3.1435978e-04
   3.0162621e-04
   1.8637900e-04
   4.2889806e-05
  -7.0444191e-05
  -1.6896963e-04
  -2.4116066e-04
  -2.8083338e-04
  -2.3613028e-04
  -1.4060695e-04
  -4.5197254e-05
   3.3271199e-05
   1.1033856e-04
   1.9408183e-04
   2.2475001e-04
   1.7837297e-04
   9.3374456e-05
  -5.5367414e-07
  -8.2056578e-05
  -1.8102101e-04
  -2.4721202e-04
  -2.4755779e-04
  -1.9476543e-04
  -1.2607168e-04
  -5.8013146e-05
   2.5781767e-05
   1.1550661e-04
   1.6786935e-04
   1.8142465e-04
   1.4330843e-04
   1.1093139e-04
   3.9397768e-05
  -5.5772974e-05
  -1.3297302e-04
  -1.6826863e-04
  -1.8439791e-04
  -1.7700750e-04
  -1.3214794e-04
  -5.1137117e-05
   2.0989211e-05
   7.2176999e-05
   1.0684671e-04
   1.1984044e-04
   9.5827429e-05
   4.9566367e-05
  -1.4099971e-05
  -7.2527060e-05
  -1.2097467e-04
  -1.5692596e-04
  -1.6870463e-04
  -1.3744723e-04
  -8.4755913e-05
  -3.1989852e-05
   2.3514959e-05
   7.4523977e-05
   1.1837605e-04
   1.2384352e-04
   9.9913108e-05
   5.3646672e-05
   9.8003376e-06
  -5.0886739e-05
  -9.4504884e-05
  -1.2818333e-04
  -1.3290203e-04
  -1.2576952e-04
  -9.4523437e-05
  -5.1157582e-05
  -7.4755985e-06
   2.6759607e-05
   4.4290714e-05
   4.9566367e-05
   3.9762608e-05
   5.6735093e-06
  -3.8338655e-05
  -7.4971850e-05
  -1.0890975e-04
  -1.2578844e-04
  -1.2817449e-04
  -1.1613834e-04
  -8.0089757e-05
  -4.8732259e-05
  -9.9257100e-06
   2.1694472e-05
   3.1859914e-05
   3.6995080e-05
   2.0265242e-05
  -4.0227264e-06
  -4.3080207e-05
  -7.4745838e-05
  -1.0882986e-04
  -1.1854330e-04
  -1.1375968e-04
  -9.9323513e-05
  -7.0444191e-05
  -4.3874602e-05
  -5.1169264e-06
   2.1755535e-05
   3.6373802e-05
   2.9456781e-05
   2.2095372e-05
   5.9519710e-08
  -2.9114451e-05
  -5.8100193e-05
  -7.2819865e-05
  -8.0093434e-05
  -8.0093434e-05
  -6.8068431e-05
  -5.1204533e-05
  -3.1875635e-05
  -1.4819264e-05
   0.0000000e+00
