   3.6195039e-04
   5.7244883e-05
  -6.6184994e-05
  -8.4614946e-05
  -2.5717120e-04
  -3.9888224e-04
  -3.7542883e-04
  -2.0448991e-04
  -6.4564768e-05
  -1.6726004e-06
   1.3627358e-04
   3.2294240e-04
   3.6170043e-04
   2.6661977e-04
   1.8004124e-04
   9.7615096e-05
  -4.3683087e-05
  -1.9384956e-04
  -3.0056774e-04
  -2.7173559e-04
  -2.4861468e-04
  -2.3648318e-04
  -1.1980229e-04
   5.1119683e-05
   1.6171460e-04
   2.0318889e-04
   2.2632969e-04
   2.2393958e-04
   1.5806291e-04
   2.4175029e-05
  -9.4675724e-05
  -1.5795821e-04
  -2.0577644e-04
  -2.4384650e-04
  -2.2981754e-04
  -1.4576421e-04
  -3.9738785e-05
   4.1693639e-05
   1.0668597e-04
   1.7768193e-04
   2.2364921e-04
   1.8057046e-04
   8.7328451e-05
  -2.9003965e-06
  -7.3231389e-05
  -1.3638847e-04
  -1.8818599e-04
  -2.0085134e-04
  -1.4526908e-04
  -8.4446368e-05
  -2.0886218e-05
   4.1958729e-05
   1.1891263e-04
   1.6281654e-04
   1.5787491e-04
   1.1517084e-04
   6.2664558e-05
   3.7915839e-06
  -7.0885217e-05
  -1.3406038e-04
  -1.6469833e-04
  -1.4931619e-04
  -1.2048584e-04
  -7.8039240e-05
  -1.1409195e-05
   5.4294979e-05
   9.7080493e-05
   1.0689512e-04
   1.0391514e-04
   8.2538717e-05
   3.9606295e-05
  -2.7775142e-05
  -8.0556907e-05
  -1.0759915e-04
  -1.2874529e-04
  -1.3267250e-04
  -1.0383828e-04
  -5.1856972e-05
   3.0208093e-06
   3.9554376e-05
   7.2445344e-05
   9.6284519e-05
   8.5950889e-05
   4.9672784e-05
   4.9848978e-06
  -3.8244903e-05
  -7.3344620e-05
  -1.0520422e-04
  -1.1922479e-04
  -1.0676033e-04
  -8.0443160e-05
  -4.2403749e-05
  -1.1399718e-05
   2.5277791e-05
   5.3228731e-05
   5.9754158e-05
   4.6342213e-05
   2.2361365e-05
  -1.3010983e-05
  -5.2944723e-05
  -9.5134895e-05
  -1.1001422e-04
  -1.0495932e-04
  -9.2630905e-05
  -6.6235231e-05
  -4.2554667e-05
  -6.5578534e-06
   1.8065418e-05
   3.1512541e-05
   3.0441862e-05
   2.8832821e-05
   6.9654090e-06
  -2.2855480e-05
  -5.0808094e-05
  -7.5945958e-05
  -8.5965454e-05
  -8.8220113e-05
  -7.8434315e-05
  -5.4494843e-05
  -3.0645604e-05
  -6.4302965e-06
   1.3428744e-05
   2.1904179e-05
   2.7796372e-05
   1.3897436e-05
  -3.0312178e-06
  -3.3134750e-05
  -4.6395808e-05
  -6.8775715e-05
  -7.8750447e-05
  -8.1094843e-05
  -6.6626156e-05
  -4.7407908e-05
  -2.5840394e-05
  -6.2980255e-06
   1.1217703e-05
   1.4601202e-05
   1.5556060e-05
   6.1920041e-06
  -1.3252895e-05
  -3.3440883e-05
  -4.8939791e-05
  -6.6449677e-05
  -7.1504705e-05
  -6.1884880e-05
  -5.9411596e-05
  -4.7474516e-05
  -2.8215476e-05
  -1.5835496e-05
   1.6727237e-06
   4.9925170e-06
   8.1242068e-06
   9.2091776e-07
  -1.5771142e-05
  -3.3815525e-05
  -4.4263145e-05
  -5.6831320e-05
  -5.9450640e-05
  -6.4300851e-05
  -5.2265053e-05
  -3.7860590e-05
  -3.0553317e-05
  -2.0600296e-05
  -5.3913094e-06
  -7.0181535e-06
  -4.1029267e-06
  -1.1084336e-05
  -2.3733674e-05
  -2.9265428e-05
  -4.4324789e-05
  -5.4494843e-05
  -5.7094460e-05
  -5.7104207e-05
  -4.9885566e-05
  -4.2664543e-05
  -2.5668315e-05
  -2.0553838e-05
  -1.5151472e-05
  -9.5161026e-06
  -1.6109684e-05
  -2.1230464e-05
  -2.3929422e-05
  -3.6633073e-05
  -4.4495227e-05
  -4.7338881e-05
  -4.7455139e-05
  -4.7484204e-05
  -4.5075576e-05
  -3.7806416e-05
  -3.5152688e-05
  -2.2804257e-05
  -1.9810695e-05
  -2.9182798e-05
  -2.1331761e-05
  -1.9028614e-05
  -2.8920566e-05
  -2.9710982e-05
  -3.7430853e-05
  -3.7661958e-05
  -4.2616245e-05
  -4.2664543e-05
  -3.7835308e-05
  -3.0573691e-05
  -3.5113026e-05
  -2.2689749e-05
  -1.9653535e-05
  -1.4505710e-05
  -9.5161026e-06
  -4.7115981e-06
   0.0000000e+00
