   4.3000000e-02   9.0900000e-01   6.9100000e-01  -6.8000000e-02   2.7300000e-01   1.3320000e+00  -4.5100000e-01  -3.5100000e-01   2.9810000e+00   1.1280000e+00   1.4510000e+00   1.0790000e+00
   4.8000000e-02   9.0500000e-01   6.9000000e-01  -6.6000000e-02   2.7400000e-01   1.3280000e+00  -4.4700000e-01  -3.4600000e-01   3.0060000e+00   1.1390000e+00   1.4160000e+00   1.0480000e+00
   4.7000000e-02   9.0000000e-01   6.8700000e-01  -6.6000000e-02   2.9900000e-01   1.3180000e+00  -4.4500000e-01  -3.4500000e-01   3.0300000e+00   1.1510000e+00   1.3690000e+00   1.0040000e+00
   4.6000000e-02   8.9100000e-01   6.8400000e-01  -6.7000000e-02   3.6700000e-01   1.3070000e+00  -4.4500000e-01  -3.4300000e-01   3.0500000e+00   1.1540000e+00   1.3220000e+00   9.5800000e-01
   4.2000000e-02   8.9000000e-01   6.8300000e-01  -6.7000000e-02   4.4900000e-01   1.2950000e+00  -4.4500000e-01  -3.5200000e-01   3.0790000e+00   1.1700000e+00   1.2800000e+00   9.2400000e-01
   3.9000000e-02   8.9200000e-01   6.8100000e-01  -6.8000000e-02   5.1500000e-01   1.2900000e+00  -4.4100000e-01  -3.5400000e-01   3.1080000e+00   1.1910000e+00   1.2400000e+00   8.9200000e-01
   3.7000000e-02   8.9000000e-01   6.7700000e-01  -6.7000000e-02   5.6200000e-01   1.2850000e+00  -4.3800000e-01  -3.5700000e-01   3.1380000e+00   1.2060000e+00   1.1980000e+00   8.6500000e-01
   3.6000000e-02   8.9200000e-01   6.7300000e-01  -6.7000000e-02   5.9500000e-01   1.2820000e+00  -4.3400000e-01  -3.5700000e-01   3.1550000e+00   1.2190000e+00   1.1730000e+00   8.4300000e-01
   3.8000000e-02   8.9200000e-01   6.7300000e-01  -6.7000000e-02   6.0700000e-01   1.2820000e+00  -4.3400000e-01  -3.5900000e-01   3.1580000e+00   1.2230000e+00   1.1660000e+00   8.3800000e-01
   4.3000000e-02   8.9600000e-01   6.7400000e-01  -6.5000000e-02   6.1100000e-01   1.2830000e+00  -4.3600000e-01  -3.6000000e-01   3.1500000e+00   1.2180000e+00   1.1710000e+00   8.4100000e-01
   4.3000000e-02   8.9200000e-01   6.7700000e-01  -6.6000000e-02   6.1500000e-01   1.2850000e+00  -4.3600000e-01  -3.5900000e-01   3.1260000e+00   1.2040000e+00   1.1880000e+00   8.5200000e-01
   4.6000000e-02   8.9500000e-01   6.8100000e-01  -6.7000000e-02   6.1800000e-01   1.2870000e+00  -4.4100000e-01  -3.5800000e-01   3.0990000e+00   1.1860000e+00   1.2060000e+00   8.6400000e-01
   4.4000000e-02   8.9600000e-01   6.7900000e-01  -6.7000000e-02   6.1900000e-01   1.2870000e+00  -4.4200000e-01  -3.5600000e-01   3.0570000e+00   1.1500000e+00   1.2170000e+00   8.7200000e-01
   4.1000000e-02   8.9800000e-01   6.8400000e-01  -6.5000000e-02   6.2500000e-01   1.2930000e+00  -4.4500000e-01  -3.5400000e-01   3.0070000e+00   1.1080000e+00   1.2440000e+00   9.0000000e-01
   4.3000000e-02   8.9900000e-01   6.8100000e-01  -6.7000000e-02   6.3300000e-01   1.2990000e+00  -4.4900000e-01  -3.5000000e-01   2.9590000e+00   1.0720000e+00   1.2830000e+00   9.3900000e-01
   4.2000000e-02   9.0300000e-01   6.8300000e-01  -6.9000000e-02   5.9900000e-01   1.3070000e+00  -4.5000000e-01  -3.4800000e-01   2.9250000e+00   1.0480000e+00   1.3380000e+00   9.9700000e-01
   4.4000000e-02   9.0100000e-01   6.8100000e-01  -6.5000000e-02   4.4200000e-01   1.3150000e+00  -4.4700000e-01  -3.4800000e-01   2.9160000e+00   1.0400000e+00   1.3980000e+00   1.0570000e+00
   4.6000000e-02   9.0200000e-01   6.8200000e-01  -6.7000000e-02   2.6200000e-01   1.3220000e+00  -4.4300000e-01  -3.4800000e-01   2.9490000e+00   1.0650000e+00   1.4610000e+00   1.1200000e+00
   4.6000000e-02   9.0000000e-01   6.8000000e-01  -6.8000000e-02   2.2900000e-01   1.3250000e+00  -4.3900000e-01  -3.5000000e-01   2.9810000e+00   1.0870000e+00   1.4530000e+00   1.1170000e+00
   4.5000000e-02   8.9400000e-01   6.7700000e-01  -6.6000000e-02   2.2700000e-01   1.3230000e+00  -4.3500000e-01  -3.4900000e-01   3.0060000e+00   1.1100000e+00   1.4190000e+00   1.0860000e+00
   4.8000000e-02   8.9200000e-01   6.7800000e-01  -6.6000000e-02   2.5200000e-01   1.3170000e+00  -4.3200000e-01  -3.4800000e-01   3.0220000e+00   1.1270000e+00   1.3860000e+00   1.0490000e+00
   5.2000000e-02   8.9100000e-01   6.8100000e-01  -6.6000000e-02   3.2400000e-01   1.3110000e+00  -4.3500000e-01  -3.4900000e-01   3.0420000e+00   1.1420000e+00   1.3480000e+00   1.0040000e+00
   5.2000000e-02   8.9200000e-01   6.8100000e-01  -6.7000000e-02   4.0900000e-01   1.3010000e+00  -4.3900000e-01  -3.4800000e-01   3.0600000e+00   1.1610000e+00   1.3060000e+00   9.5800000e-01
   4.9000000e-02   8.9400000e-01   6.8300000e-01  -6.7000000e-02   4.8100000e-01   1.2990000e+00  -4.4300000e-01  -3.5000000e-01   3.0930000e+00   1.1840000e+00   1.2680000e+00   9.1900000e-01
   4.5000000e-02   8.9800000e-01   6.8400000e-01  -6.7000000e-02   5.3500000e-01   1.2910000e+00  -4.4500000e-01  -3.5000000e-01   3.1220000e+00   1.2110000e+00   1.2270000e+00   8.8300000e-01
   4.0000000e-02   8.9700000e-01   6.8300000e-01  -6.8000000e-02   5.7600000e-01   1.2890000e+00  -4.4900000e-01  -3.5000000e-01   3.1440000e+00   1.2270000e+00   1.2010000e+00   8.5500000e-01
   3.6000000e-02   9.0000000e-01   6.8300000e-01  -6.6000000e-02   5.9500000e-01   1.2830000e+00  -4.4900000e-01  -3.5100000e-01   3.1530000e+00   1.2340000e+00   1.1860000e+00   8.4100000e-01
   3.5000000e-02   8.9800000e-01   6.7900000e-01  -6.6000000e-02   5.9900000e-01   1.2860000e+00  -4.4800000e-01  -3.5000000e-01   3.1470000e+00   1.2300000e+00   1.1890000e+00   8.4100000e-01
   3.7000000e-02   9.0000000e-01   6.7900000e-01  -6.5000000e-02   6.0400000e-01   1.2880000e+00  -4.4600000e-01  -3.5100000e-01   3.1310000e+00   1.2170000e+00   1.2060000e+00   8.5800000e-01
   4.4000000e-02   8.9800000e-01   6.7800000e-01  -6.7000000e-02   6.1300000e-01   1.2930000e+00  -4.4300000e-01  -3.5200000e-01   3.1120000e+00   1.2010000e+00   1.2270000e+00   8.8200000e-01
   4.9000000e-02   8.9600000e-01   6.7800000e-01  -6.4000000e-02   6.1700000e-01   1.3010000e+00  -4.3700000e-01  -3.5000000e-01   3.0920000e+00   1.1840000e+00   1.2520000e+00   9.1300000e-01
   5.0000000e-02   8.9800000e-01   6.7700000e-01  -6.6000000e-02   6.1700000e-01   1.3050000e+00  -4.3700000e-01  -3.4900000e-01   3.0700000e+00   1.1680000e+00   1.2830000e+00   9.4600000e-01
   4.8000000e-02   8.9600000e-01   6.7900000e-01  -6.5000000e-02   5.8900000e-01   1.3110000e+00  -4.3600000e-01  -3.5100000e-01   3.0510000e+00   1.1530000e+00   1.3140000e+00   9.7000000e-01
   4.8000000e-02   8.9800000e-01   6.7700000e-01  -6.8000000e-02   5.3500000e-01   1.3110000e+00  -4.3900000e-01  -3.4900000e-01   3.0350000e+00   1.1410000e+00   1.3400000e+00   9.9500000e-01
   4.4000000e-02   8.9700000e-01   6.8000000e-01  -6.7000000e-02   4.9800000e-01   1.3140000e+00  -4.4100000e-01  -3.4900000e-01   3.0280000e+00   1.1310000e+00   1.3590000e+00   1.0110000e+00
   4.2000000e-02   9.0100000e-01   6.8100000e-01  -6.7000000e-02   4.8400000e-01   1.3130000e+00  -4.4600000e-01  -3.4600000e-01   3.0220000e+00   1.1290000e+00   1.3650000e+00   1.0180000e+00
   4.6000000e-02   9.0100000e-01   6.8400000e-01  -6.5000000e-02   4.8100000e-01   1.3130000e+00  -4.4700000e-01  -3.4600000e-01   3.0230000e+00   1.1310000e+00   1.3650000e+00   1.0220000e+00
   4.7000000e-02   9.0600000e-01   6.8300000e-01  -6.9000000e-02   4.7600000e-01   1.3110000e+00  -4.5300000e-01  -3.4500000e-01   3.0340000e+00   1.1350000e+00   1.3590000e+00   1.0130000e+00
   5.2000000e-02   9.0900000e-01   6.8600000e-01  -6.7000000e-02   4.7200000e-01   1.3070000e+00  -4.5300000e-01  -3.4200000e-01   3.0450000e+00   1.1450000e+00   1.3420000e+00   9.9900000e-01
   5.1000000e-02   9.1300000e-01   6.8700000e-01  -6.7000000e-02   4.6700000e-01   1.3050000e+00  -4.5300000e-01  -3.4400000e-01   3.0640000e+00   1.1570000e+00   1.3210000e+00   9.8300000e-01
   4.9000000e-02   9.1700000e-01   6.8800000e-01  -6.5000000e-02   4.6500000e-01   1.2990000e+00  -4.5300000e-01  -3.4500000e-01   3.0770000e+00   1.1680000e+00   1.2990000e+00   9.5700000e-01
   4.4000000e-02   9.1600000e-01   6.8900000e-01  -6.7000000e-02   4.6700000e-01   1.2960000e+00  -4.5500000e-01  -3.4600000e-01   3.0920000e+00   1.1800000e+00   1.2770000e+00   9.3600000e-01
   3.9000000e-02   9.1400000e-01   6.9000000e-01  -6.7000000e-02   4.9000000e-01   1.2960000e+00  -4.5500000e-01  -3.4600000e-01   3.1000000e+00   1.1860000e+00   1.2570000e+00   9.1400000e-01
   3.6000000e-02   9.1100000e-01   6.9500000e-01  -6.7000000e-02   5.0500000e-01   1.2940000e+00  -4.5700000e-01  -3.4900000e-01   3.1070000e+00   1.1920000e+00   1.2430000e+00   9.0200000e-01
   3.6000000e-02   9.0500000e-01   6.9400000e-01  -6.7000000e-02   5.1000000e-01   1.2960000e+00  -4.5600000e-01  -3.5200000e-01   3.1090000e+00   1.1950000e+00   1.2370000e+00   8.9200000e-01
   3.8000000e-02   8.9700000e-01   6.8900000e-01  -6.7000000e-02   5.1200000e-01   1.2930000e+00  -4.5100000e-01  -3.4800000e-01   3.1090000e+00   1.1950000e+00   1.2370000e+00   8.9200000e-01
   4.3000000e-02   8.9600000e-01   6.8500000e-01  -6.7000000e-02   5.1600000e-01   1.2970000e+00  -4.4300000e-01  -3.4800000e-01   3.1020000e+00   1.1920000e+00   1.2440000e+00   9.0000000e-01
   4.6000000e-02   8.9500000e-01   6.7900000e-01  -6.7000000e-02   5.1700000e-01   1.3000000e+00  -4.4200000e-01  -3.4800000e-01   3.0930000e+00   1.1870000e+00   1.2530000e+00   9.1300000e-01
   4.8000000e-02   9.0000000e-01   6.7600000e-01  -6.7000000e-02   5.2100000e-01   1.3040000e+00  -4.3900000e-01  -3.4800000e-01   3.0810000e+00   1.1780000e+00   1.2650000e+00   9.2600000e-01
   5.1000000e-02   9.0100000e-01   6.7100000e-01  -6.7000000e-02   5.2200000e-01   1.3060000e+00  -4.3800000e-01  -3.4600000e-01   3.0710000e+00   1.1730000e+00   1.2790000e+00   9.4000000e-01
   4.8000000e-02   9.0600000e-01   6.7300000e-01  -6.5000000e-02   5.2600000e-01   1.3070000e+00  -4.3900000e-01  -3.4800000e-01   3.0650000e+00   1.1680000e+00   1.2910000e+00   9.4900000e-01
   4.5000000e-02   9.0700000e-01   6.7400000e-01  -6.7000000e-02   5.2700000e-01   1.3080000e+00  -4.4300000e-01  -3.4800000e-01   3.0610000e+00   1.1650000e+00   1.2990000e+00   9.5500000e-01
   3.9000000e-02   9.0900000e-01   6.7900000e-01  -6.7000000e-02   5.2700000e-01   1.3070000e+00  -4.4700000e-01  -3.4600000e-01   3.0590000e+00   1.1610000e+00   1.3050000e+00   9.5900000e-01
   4.2000000e-02   9.1100000e-01   6.8500000e-01  -6.9000000e-02   5.2900000e-01   1.3040000e+00  -4.5300000e-01  -3.4600000e-01   3.0630000e+00   1.1590000e+00   1.3090000e+00   9.5800000e-01
   4.4000000e-02   9.0900000e-01   6.9100000e-01  -6.7000000e-02   5.2300000e-01   1.3030000e+00  -4.5800000e-01  -3.4200000e-01   3.0670000e+00   1.1590000e+00   1.3050000e+00   9.5700000e-01
   4.0000000e-02   9.0900000e-01   6.9500000e-01  -6.5000000e-02   5.2200000e-01   1.3030000e+00  -4.5900000e-01  -3.4800000e-01   3.0740000e+00   1.1650000e+00   1.2990000e+00   9.5400000e-01
   4.1000000e-02   9.0700000e-01   6.9200000e-01  -6.9000000e-02   5.1900000e-01   1.3020000e+00  -4.5800000e-01  -3.5000000e-01   3.0770000e+00   1.1690000e+00   1.2910000e+00   9.5000000e-01
   3.9000000e-02   9.0700000e-01   6.8600000e-01  -6.7000000e-02   5.1800000e-01   1.3010000e+00  -4.5200000e-01  -3.5400000e-01   3.0810000e+00   1.1720000e+00   1.2820000e+00   9.4500000e-01
   3.2000000e-02   9.1200000e-01   6.8600000e-01  -6.7000000e-02   5.1600000e-01   1.3010000e+00  -4.4900000e-01  -3.5300000e-01   3.0840000e+00   1.1760000e+00   1.2720000e+00   9.3600000e-01
   3.0000000e-02   9.1800000e-01   6.7800000e-01  -6.6000000e-02   5.1700000e-01   1.2990000e+00  -4.4900000e-01  -3.5600000e-01   3.0860000e+00   1.1760000e+00   1.2670000e+00   9.2700000e-01
   3.0000000e-02   9.2300000e-01   6.7700000e-01  -6.9000000e-02   5.1600000e-01   1.3010000e+00  -4.4600000e-01  -3.5400000e-01   3.0880000e+00   1.1780000e+00   1.2600000e+00   9.2100000e-01
   3.1000000e-02   9.2600000e-01   6.7700000e-01  -6.5000000e-02   5.1700000e-01   1.2990000e+00  -4.4600000e-01  -3.5100000e-01   3.0900000e+00   1.1780000e+00   1.2610000e+00   9.1600000e-01
   3.6000000e-02   9.2500000e-01   6.7900000e-01  -6.7000000e-02   5.1600000e-01   1.2990000e+00  -4.4500000e-01  -3.5200000e-01   3.0860000e+00   1.1800000e+00   1.2650000e+00   9.1500000e-01
   3.4000000e-02   9.2300000e-01   6.8200000e-01  -6.7000000e-02   5.1600000e-01   1.2990000e+00  -4.4900000e-01  -3.5100000e-01   3.0840000e+00   1.1800000e+00   1.2740000e+00   9.1900000e-01
   3.5000000e-02   9.1700000e-01   6.8700000e-01  -6.7000000e-02   5.1900000e-01   1.2990000e+00  -4.5400000e-01  -3.5200000e-01   3.0800000e+00   1.1770000e+00   1.2820000e+00   9.2400000e-01
   3.2000000e-02   9.1800000e-01   6.8600000e-01  -6.8000000e-02   5.1900000e-01   1.3000000e+00  -4.5600000e-01  -3.5200000e-01   3.0790000e+00   1.1740000e+00   1.2900000e+00   9.3400000e-01
   3.0000000e-02   9.1500000e-01   6.8900000e-01  -6.7000000e-02   5.2000000e-01   1.3020000e+00  -4.5700000e-01  -3.5200000e-01   3.0740000e+00   1.1720000e+00   1.2980000e+00   9.4600000e-01
   2.5000000e-02   9.1400000e-01   6.9300000e-01  -6.7000000e-02   5.2200000e-01   1.3020000e+00  -4.5500000e-01  -3.5400000e-01   3.0720000e+00   1.1680000e+00   1.3030000e+00   9.5700000e-01
   2.4000000e-02   9.1900000e-01   6.9000000e-01  -6.7000000e-02   5.2200000e-01   1.3050000e+00  -4.5700000e-01  -3.5800000e-01   3.0700000e+00   1.1660000e+00   1.3050000e+00   9.6500000e-01
   2.6000000e-02   9.1900000e-01   6.9100000e-01  -6.7000000e-02   5.2300000e-01   1.3030000e+00  -4.5600000e-01  -3.5800000e-01   3.0710000e+00   1.1670000e+00   1.3040000e+00   9.6900000e-01
   2.8000000e-02   9.2200000e-01   6.8700000e-01  -6.8000000e-02   5.2100000e-01   1.3040000e+00  -4.5600000e-01  -3.6000000e-01   3.0710000e+00   1.1630000e+00   1.3010000e+00   9.6600000e-01
   2.9000000e-02   9.2100000e-01   6.8500000e-01  -6.7000000e-02   5.2000000e-01   1.3030000e+00  -4.5300000e-01  -3.5700000e-01   3.0730000e+00   1.1650000e+00   1.2940000e+00   9.6600000e-01
   2.9000000e-02   9.1500000e-01   6.8200000e-01  -6.6000000e-02   5.2000000e-01   1.3000000e+00  -4.4900000e-01  -3.5600000e-01   3.0750000e+00   1.1650000e+00   1.2850000e+00   9.5600000e-01
   2.7000000e-02   9.0700000e-01   6.8300000e-01  -6.5000000e-02   5.2100000e-01   1.3010000e+00  -4.4600000e-01  -3.5800000e-01   3.0820000e+00   1.1670000e+00   1.2790000e+00   9.4900000e-01
   3.1000000e-02   9.0100000e-01   6.8100000e-01  -6.5000000e-02   5.1800000e-01   1.2980000e+00  -4.4300000e-01  -3.5700000e-01   3.0840000e+00   1.1680000e+00   1.2700000e+00   9.3700000e-01
   3.6000000e-02   8.9700000e-01   6.8300000e-01  -6.7000000e-02   5.1700000e-01   1.2970000e+00  -4.4100000e-01  -3.5600000e-01   3.0870000e+00   1.1690000e+00   1.2650000e+00   9.2900000e-01
   3.8000000e-02   8.9700000e-01   6.8100000e-01  -6.8000000e-02   5.1700000e-01   1.2970000e+00  -4.4100000e-01  -3.5400000e-01   3.0900000e+00   1.1700000e+00   1.2600000e+00   9.2500000e-01
   4.1000000e-02   8.9900000e-01   6.8000000e-01  -6.6000000e-02   5.1400000e-01   1.2970000e+00  -4.3900000e-01  -3.5200000e-01   3.0900000e+00   1.1730000e+00   1.2580000e+00   9.2500000e-01
   4.3000000e-02   9.0300000e-01   6.8300000e-01  -6.7000000e-02   5.1300000e-01   1.2980000e+00  -4.3900000e-01  -3.5100000e-01   3.0920000e+00   1.1760000e+00   1.2580000e+00   9.2700000e-01
   4.2000000e-02   9.0400000e-01   6.8300000e-01  -6.7000000e-02   5.1200000e-01   1.2970000e+00  -4.4300000e-01  -3.5200000e-01   3.0910000e+00   1.1780000e+00   1.2590000e+00   9.2900000e-01
   4.0000000e-02   9.0500000e-01   6.8100000e-01  -6.6000000e-02   5.1600000e-01   1.2970000e+00  -4.4600000e-01  -3.5700000e-01   3.0910000e+00   1.1800000e+00   1.2630000e+00   9.3100000e-01
   3.8000000e-02   9.0300000e-01   6.8200000e-01  -6.5000000e-02   5.1700000e-01   1.2990000e+00  -4.4500000e-01  -3.5500000e-01   3.0890000e+00   1.1760000e+00   1.2660000e+00   9.3500000e-01
   3.5000000e-02   9.0200000e-01   6.8100000e-01  -6.7000000e-02   5.1600000e-01   1.2980000e+00  -4.4400000e-01  -3.5800000e-01   3.0880000e+00   1.1740000e+00   1.2700000e+00   9.4200000e-01
   3.6000000e-02   9.0000000e-01   6.8200000e-01  -6.5000000e-02   5.1600000e-01   1.2980000e+00  -4.4500000e-01  -3.5700000e-01   3.0840000e+00   1.1680000e+00   1.2780000e+00   9.4800000e-01
   3.8000000e-02   9.0000000e-01   6.8300000e-01  -6.7000000e-02   5.1700000e-01   1.2980000e+00  -4.4300000e-01  -3.5600000e-01   3.0840000e+00   1.1660000e+00   1.2820000e+00   9.5300000e-01
   4.1000000e-02   9.0000000e-01   6.8100000e-01  -6.7000000e-02   5.2000000e-01   1.2980000e+00  -4.4200000e-01  -3.5300000e-01   3.0810000e+00   1.1640000e+00   1.2820000e+00   9.5700000e-01
   4.3000000e-02   9.0300000e-01   6.8100000e-01  -6.5000000e-02   5.2200000e-01   1.2970000e+00  -4.4200000e-01  -3.5400000e-01   3.0790000e+00   1.1610000e+00   1.2850000e+00   9.5900000e-01
   4.2000000e-02   9.0800000e-01   6.8100000e-01  -6.6000000e-02   5.2000000e-01   1.2970000e+00  -4.4100000e-01  -3.5000000e-01   3.0770000e+00   1.1590000e+00   1.2860000e+00   9.5800000e-01
   4.2000000e-02   9.1200000e-01   6.7900000e-01  -6.6000000e-02   5.2300000e-01   1.2980000e+00  -4.4200000e-01  -3.5100000e-01   3.0790000e+00   1.1610000e+00   1.2850000e+00   9.5600000e-01
   3.8000000e-02   9.1600000e-01   6.7900000e-01  -6.7000000e-02   5.2100000e-01   1.2990000e+00  -4.4500000e-01  -3.4900000e-01   3.0770000e+00   1.1600000e+00   1.2880000e+00   9.5400000e-01
   4.1000000e-02   9.1400000e-01   6.8100000e-01  -6.6000000e-02   5.2300000e-01   1.2990000e+00  -4.4500000e-01  -3.5000000e-01   3.0780000e+00   1.1630000e+00   1.2850000e+00   9.5400000e-01
